4096
0.000000	0.000000
0.636620	-0.636620
-0.000000	-0.000000
0.212207	-0.212207
-0.000000	-0.000000
0.127324	-0.127324
-0.000000	-0.000000
0.090946	-0.090946
-0.000000	-0.000000
0.070736	-0.070736
-0.000000	-0.000000
0.057875	-0.057875
-0.000000	-0.000000
0.048971	-0.048971
-0.000000	-0.000000
0.042441	-0.042441
-0.000000	-0.000000
0.037448	-0.037448
-0.000000	-0.000000
0.033506	-0.033506
-0.000000	-0.000000
0.030315	-0.030315
-0.000000	-0.000000
0.027679	-0.027679
-0.000000	-0.000000
0.025465	-0.025465
0.000000	-0.000000
0.023579	-0.023579
-0.000000	-0.000000
0.021952	-0.021952
-0.000000	-0.000000
0.020536	-0.020536
-0.000000	-0.000000
0.019292	-0.019292
0.000000	-0.000000
0.018189	-0.018189
-0.000000	-0.000000
0.017206	-0.017206
-0.000000	-0.000000
0.016324	-0.016324
-0.000000	-0.000000
0.015527	-0.015527
0.000000	-0.000000
0.014805	-0.014805
-0.000000	-0.000000
0.014147	-0.014147
-0.000000	-0.000000
0.013545	-0.013545
-0.000000	-0.000000
0.012992	-0.012992
0.000000	-0.000000
0.012483	-0.012483
0.000000	-0.000000
0.012012	-0.012012
-0.000000	-0.000000
0.011575	-0.011575
-0.000000	-0.000000
0.011169	-0.011169
0.000000	-0.000000
0.010790	-0.010790
-0.000000	-0.000000
0.010436	-0.010436
-0.000000	-0.000000
0.010105	-0.010105
-0.000000	-0.000000
0.009794	-0.009794
-0.000000	-0.000000
0.009502	-0.009502
0.000000	-0.000000
0.009226	-0.009226
-0.000000	-0.000000
0.008966	-0.008966
-0.000000	-0.000000
0.008721	-0.008721
-0.000000	-0.000000
0.008488	-0.008488
-0.000000	-0.000000
0.008268	-0.008268
-0.000000	-0.000000
0.008058	-0.008058
-0.000000	-0.000000
0.007860	-0.007860
-0.000000	-0.000000
0.007670	-0.007670
0.000000	-0.000000
0.007490	-0.007490
-0.000000	-0.000000
0.007317	-0.007317
-0.000000	-0.000000
0.007153	-0.007153
-0.000000	-0.000000
0.006996	-0.006996
-0.000000	-0.000000
0.006845	-0.006845
0.000000	-0.000000
0.006701	-0.006701
-0.000000	-0.000000
0.006563	-0.006563
-0.000000	-0.000000
0.006431	-0.006431
0.000000	-0.000000
0.006303	-0.006303
-0.000000	-0.000000
0.006181	-0.006181
0.000000	-0.000000
0.006063	-0.006063
-0.000000	-0.000000
0.005950	-0.005950
-0.000000	-0.000000
0.005841	-0.005841
0.000000	-0.000000
0.005735	-0.005735
-0.000000	-0.000000
0.005634	-0.005634
-0.000000	-0.000000
0.005536	-0.005536
0.000000	-0.000000
0.005441	-0.005441
-0.000000	-0.000000
0.005350	-0.005350
-0.000000	-0.000000
0.005261	-0.005261
-0.000000	-0.000000
0.005176	-0.005176
-0.000000	-0.000000
0.005093	-0.005093
0.000000	-0.000000
0.005013	-0.005013
-0.000000	-0.000000
0.004935	-0.004935
-0.000000	-0.000000
0.004860	-0.004860
-0.000000	-0.000000
0.004787	-0.004787
-0.000000	-0.000000
0.004716	-0.004716
0.000000	-0.000000
0.004647	-0.004647
-0.000000	-0.000000
0.004580	-0.004580
-0.000000	-0.000000
0.004515	-0.004515
0.000000	-0.000000
0.004452	-0.004452
-0.000000	-0.000000
0.004390	-0.004390
-0.000000	-0.000000
0.004331	-0.004331
-0.000000	-0.000000
0.004273	-0.004273
-0.000000	-0.000000
0.004216	-0.004216
-0.000000	-0.000000
0.004161	-0.004161
-0.000000	-0.000000
0.004107	-0.004107
-0.000000	-0.000000
0.004055	-0.004055
0.000000	-0.000000
0.004004	-0.004004
-0.000000	-0.000000
0.003954	-0.003954
-0.000000	-0.000000
0.003906	-0.003906
-0.000000	-0.000000
0.003858	-0.003858
0.000000	-0.000000
0.003812	-0.003812
0.000000	-0.000000
0.003767	-0.003767
-0.000000	-0.000000
0.003723	-0.003723
-0.000000	-0.000000
0.003680	-0.003680
-0.000000	-0.000000
0.003638	-0.003638
-0.000000	-0.000000
0.003597	-0.003597
0.000000	-0.000000
0.003557	-0.003557
-0.000000	-0.000000
0.003517	-0.003517
-0.000000	-0.000000
0.003479	-0.003479
-0.000000	-0.000000
0.003441	-0.003441
-0.000000	-0.000000
0.003404	-0.003404
0.000000	-0.000000
0.003368	-0.003368
-0.000000	-0.000000
0.003333	-0.003333
-0.000000	-0.000000
0.003299	-0.003299
-0.000000	-0.000000
0.003265	-0.003265
-0.000000	-0.000000
0.003232	-0.003232
0.000000	-0.000000
0.003199	-0.003199
0.000000	-0.000000
0.003167	-0.003167
-0.000000	-0.000000
0.003136	-0.003136
-0.000000	-0.000000
0.003105	-0.003105
-0.000000	-0.000000
0.003075	-0.003075
0.000000	-0.000000
0.003046	-0.003046
0.000000	-0.000000
0.003017	-0.003017
-0.000000	-0.000000
0.002989	-0.002989
-0.000000	-0.000000
0.002961	-0.002961
-0.000000	-0.000000
0.002934	-0.002934
-0.000000	-0.000000
0.002907	-0.002907
0.000000	-0.000000
0.002881	-0.002881
-0.000000	-0.000000
0.002855	-0.002855
-0.000000	-0.000000
0.002829	-0.002829
-0.000000	-0.000000
0.002804	-0.002804
-0.000000	-0.000000
0.002780	-0.002780
0.000000	-0.000000
0.002756	-0.002756
0.000000	-0.000000
0.002732	-0.002732
-0.000000	-0.000000
0.002709	-0.002709
-0.000000	-0.000000
0.002686	-0.002686
-0.000000	-0.000000
0.002664	-0.002664
-0.000000	-0.000000
0.002642	-0.002642
0.000000	-0.000000
0.002620	-0.002620
-0.000000	-0.000000
0.002598	-0.002598
-0.000000	-0.000000
0.002577	-0.002577
-0.000000	-0.000000
0.002557	-0.002557
-0.000000	-0.000000
0.002536	-0.002536
0.000000	-0.000000
0.002516	-0.002516
-0.000000	-0.000000
0.002497	-0.002497
-0.000000	-0.000000
0.002477	-0.002477
-0.000000	-0.000000
0.002458	-0.002458
-0.000000	-0.000000
0.002439	-0.002439
0.000000	-0.000000
0.002421	-0.002421
-0.000000	-0.000000
0.002402	-0.002402
-0.000000	-0.000000
0.002384	-0.002384
-0.000000	-0.000000
0.002367	-0.002367
-0.000000	-0.000000
0.002349	-0.002349
0.000000	-0.000000
0.002332	-0.002332
0.000000	-0.000000
0.002315	-0.002315
-0.000000	-0.000000
0.002298	-0.002298
-0.000000	-0.000000
0.002282	-0.002282
-0.000000	-0.000000
0.002266	-0.002266
-0.000000	-0.000000
0.002250	-0.002250
0.000000	-0.000000
0.002234	-0.002234
-0.000000	-0.000000
0.002218	-0.002218
-0.000000	-0.000000
0.002203	-0.002203
-0.000000	-0.000000
0.002188	-0.002188
-0.000000	-0.000000
0.002173	-0.002173
0.000000	-0.000000
0.002158	-0.002158
-0.000000	-0.000000
0.002144	-0.002144
-0.000000	-0.000000
0.002129	-0.002129
-0.000000	-0.000000
0.002115	-0.002115
-0.000000	-0.000000
0.002101	-0.002101
-0.000000	-0.000000
0.002087	-0.002087
-0.000000	-0.000000
0.002074	-0.002074
-0.000000	-0.000000
0.002060	-0.002060
-0.000000	-0.000000
0.002047	-0.002047
-0.000000	-0.000000
0.002034	-0.002034
-0.000000	-0.000000
0.002021	-0.002021
0.000000	-0.000000
0.002008	-0.002008
-0.000000	-0.000000
0.001996	-0.001996
-0.000000	-0.000000
0.001983	-0.001983
-0.000000	-0.000000
0.001971	-0.001971
-0.000000	-0.000000
0.001959	-0.001959
-0.000000	-0.000000
0.001947	-0.001947
-0.000000	-0.000000
0.001935	-0.001935
-0.000000	-0.000000
0.001923	-0.001923
0.000000	-0.000000
0.001912	-0.001912
0.000000	-0.000000
0.001900	-0.001900
0.000000	-0.000000
0.001889	-0.001889
-0.000000	-0.000000
0.001878	-0.001878
-0.000000	-0.000000
0.001867	-0.001867
-0.000000	-0.000000
0.001856	-0.001856
-0.000000	-0.000000
0.001845	-0.001845
-0.000000	-0.000000
0.001835	-0.001835
-0.000000	-0.000000
0.001824	-0.001824
-0.000000	-0.000000
0.001814	-0.001814
-0.000000	-0.000000
0.001803	-0.001803
0.000000	-0.000000
0.001793	-0.001793
0.000000	-0.000000
0.001783	-0.001783
0.000000	-0.000000
0.001773	-0.001773
-0.000000	-0.000000
0.001763	-0.001763
-0.000000	-0.000000
0.001754	-0.001754
-0.000000	-0.000000
0.001744	-0.001744
-0.000000	-0.000000
0.001735	-0.001735
-0.000000	-0.000000
0.001725	-0.001725
-0.000000	-0.000000
0.001716	-0.001716
-0.000000	-0.000000
0.001707	-0.001707
0.000000	-0.000000
0.001698	-0.001698
0.000000	-0.000000
0.001689	-0.001689
0.000000	-0.000000
0.001680	-0.001680
-0.000000	-0.000000
0.001671	-0.001671
-0.000000	-0.000000
0.001662	-0.001662
-0.000000	-0.000000
0.001654	-0.001654
-0.000000	-0.000000
0.001645	-0.001645
-0.000000	-0.000000
0.001637	-0.001637
-0.000000	-0.000000
0.001628	-0.001628
-0.000000	-0.000000
0.001620	-0.001620
-0.000000	-0.000000
0.001612	-0.001612
0.000000	-0.000000
0.001604	-0.001604
0.000000	-0.000000
0.001596	-0.001596
0.000000	-0.000000
0.001588	-0.001588
-0.000000	-0.000000
0.001580	-0.001580
-0.000000	-0.000000
0.001572	-0.001572
-0.000000	-0.000000
0.001564	-0.001564
-0.000000	-0.000000
0.001557	-0.001557
-0.000000	-0.000000
0.001549	-0.001549
-0.000000	-0.000000
0.001541	-0.001541
-0.000000	-0.000000
0.001534	-0.001534
0.000000	-0.000000
0.001527	-0.001527
0.000000	-0.000000
0.001519	-0.001519
0.000000	-0.000000
0.001512	-0.001512
-0.000000	-0.000000
0.001505	-0.001505
-0.000000	-0.000000
0.001498	-0.001498
-0.000000	-0.000000
0.001491	-0.001491
-0.000000	-0.000000
0.001484	-0.001484
-0.000000	-0.000000
0.001477	-0.001477
-0.000000	-0.000000
0.001470	-0.001470
-0.000000	-0.000000
0.001463	-0.001463
-0.000000	-0.000000
0.001457	-0.001457
0.000000	-0.000000
0.001450	-0.001450
0.000000	-0.000000
0.001444	-0.001444
0.000000	-0.000000
0.001437	-0.001437
-0.000000	-0.000000
0.001431	-0.001431
-0.000000	-0.000000
0.001424	-0.001424
-0.000000	-0.000000
0.001418	-0.001418
-0.000000	-0.000000
0.001412	-0.001412
-0.000000	-0.000000
0.001405	-0.001405
-0.000000	-0.000000
0.001399	-0.001399
-0.000000	-0.000000
0.001393	-0.001393
-0.000000	-0.000000
0.001387	-0.001387
0.000000	-0.000000
0.001381	-0.001381
0.000000	-0.000000
0.001375	-0.001375
0.000000	-0.000000
0.001369	-0.001369
-0.000000	-0.000000
0.001363	-0.001363
-0.000000	-0.000000
0.001357	-0.001357
-0.000000	-0.000000
0.001352	-0.001352
-0.000000	-0.000000
0.001346	-0.001346
-0.000000	-0.000000
0.001340	-0.001340
-0.000000	-0.000000
0.001335	-0.001335
-0.000000	-0.000000
0.001329	-0.001329
-0.000000	-0.000000
0.001324	-0.001324
0.000000	-0.000000
0.001318	-0.001318
0.000000	-0.000000
0.001313	-0.001313
-0.000000	-0.000000
0.001307	-0.001307
-0.000000	-0.000000
0.001302	-0.001302
-0.000000	-0.000000
0.001297	-0.001297
-0.000000	-0.000000
0.001291	-0.001291
-0.000000	-0.000000
0.001286	-0.001286
-0.000000	-0.000000
0.001281	-0.001281
-0.000000	-0.000000
0.001276	-0.001276
-0.000000	-0.000000
0.001271	-0.001271
0.000000	-0.000000
0.001266	-0.001266
0.000000	-0.000000
0.001261	-0.001261
0.000000	-0.000000
0.001256	-0.001256
-0.000000	-0.000000
0.001251	-0.001251
-0.000000	-0.000000
0.001246	-0.001246
-0.000000	-0.000000
0.001241	-0.001241
-0.000000	-0.000000
0.001236	-0.001236
-0.000000	-0.000000
0.001231	-0.001231
-0.000000	-0.000000
0.001227	-0.001227
-0.000000	-0.000000
0.001222	-0.001222
-0.000000	-0.000000
0.001217	-0.001217
0.000000	-0.000000
0.001213	-0.001213
0.000000	-0.000000
0.001208	-0.001208
-0.000000	-0.000000
0.001203	-0.001203
-0.000000	-0.000000
0.001199	-0.001199
-0.000000	-0.000000
0.001194	-0.001194
-0.000000	-0.000000
0.001190	-0.001190
-0.000000	-0.000000
0.001186	-0.001186
-0.000000	-0.000000
0.001181	-0.001181
-0.000000	-0.000000
0.001177	-0.001177
-0.000000	-0.000000
0.001172	-0.001172
0.000000	-0.000000
0.001168	-0.001168
0.000000	-0.000000
0.001164	-0.001164
0.000000	-0.000000
0.001160	-0.001160
-0.000000	-0.000000
0.001155	-0.001155
-0.000000	-0.000000
0.001151	-0.001151
-0.000000	-0.000000
0.001147	-0.001147
-0.000000	-0.000000
0.001143	-0.001143
-0.000000	-0.000000
0.001139	-0.001139
-0.000000	-0.000000
0.001135	-0.001135
-0.000000	-0.000000
0.001131	-0.001131
-0.000000	-0.000000
0.001127	-0.001127
0.000000	-0.000000
0.001123	-0.001123
0.000000	-0.000000
0.001119	-0.001119
-0.000000	-0.000000
0.001115	-0.001115
-0.000000	-0.000000
0.001111	-0.001111
-0.000000	-0.000000
0.001107	-0.001107
-0.000000	-0.000000
0.001103	-0.001103
-0.000000	-0.000000
0.001100	-0.001100
-0.000000	-0.000000
0.001096	-0.001096
-0.000000	-0.000000
0.001092	-0.001092
-0.000000	-0.000000
0.001088	-0.001088
-0.000000	-0.000000
0.001085	-0.001085
0.000000	-0.000000
0.001081	-0.001081
0.000000	-0.000000
0.001077	-0.001077
-0.000000	-0.000000
0.001074	-0.001074
-0.000000	-0.000000
0.001070	-0.001070
-0.000000	-0.000000
0.001066	-0.001066
-0.000000	-0.000000
0.001063	-0.001063
-0.000000	-0.000000
0.001059	-0.001059
-0.000000	-0.000000
0.001056	-0.001056
-0.000000	-0.000000
0.001052	-0.001052
-0.000000	-0.000000
0.001049	-0.001049
-0.000000	-0.000000
0.001045	-0.001045
0.000000	-0.000000
0.001042	-0.001042
-0.000000	-0.000000
0.001039	-0.001039
-0.000000	-0.000000
0.001035	-0.001035
-0.000000	-0.000000
0.001032	-0.001032
-0.000000	-0.000000
0.001028	-0.001028
-0.000000	-0.000000
0.001025	-0.001025
-0.000000	-0.000000
0.001022	-0.001022
-0.000000	-0.000000
0.001019	-0.001019
-0.000000	-0.000000
0.001015	-0.001015
-0.000000	-0.000000
0.001012	-0.001012
0.000000	-0.000000
0.001009	-0.001009
0.000000	-0.000000
0.001006	-0.001006
-0.000000	-0.000000
0.001003	-0.001003
-0.000000	-0.000000
0.000999	-0.000999
-0.000000	-0.000000
0.000996	-0.000996
-0.000000	-0.000000
0.000993	-0.000993
-0.000000	-0.000000
0.000990	-0.000990
-0.000000	-0.000000
0.000987	-0.000987
-0.000000	-0.000000
0.000984	-0.000984
-0.000000	-0.000000
0.000981	-0.000981
-0.000000	-0.000000
0.000978	-0.000978
-0.000000	-0.000000
0.000975	-0.000975
-0.000000	-0.000000
0.000972	-0.000972
-0.000000	-0.000000
0.000969	-0.000969
-0.000000	-0.000000
0.000966	-0.000966
-0.000000	-0.000000
0.000963	-0.000963
-0.000000	-0.000000
0.000960	-0.000960
0.000000	-0.000000
0.000957	-0.000957
-0.000000	-0.000000
0.000954	-0.000954
0.000000	-0.000000
0.000952	-0.000952
-0.000000	-0.000000
0.000949	-0.000949
0.000000	-0.000000
0.000946	-0.000946
-0.000000	-0.000000
0.000943	-0.000943
-0.000000	-0.000000
0.000940	-0.000940
-0.000000	-0.000000
0.000938	-0.000938
-0.000000	-0.000000
0.000935	-0.000935
-0.000000	-0.000000
0.000932	-0.000932
-0.000000	-0.000000
0.000929	-0.000929
0.000000	-0.000000
0.000927	-0.000927
-0.000000	-0.000000
0.000924	-0.000924
0.000000	-0.000000
0.000921	-0.000921
-0.000000	-0.000000
0.000919	-0.000919
0.000000	-0.000000
0.000916	-0.000916
-0.000000	-0.000000
0.000913	-0.000913
-0.000000	-0.000000
0.000911	-0.000911
-0.000000	-0.000000
0.000908	-0.000908
-0.000000	-0.000000
0.000906	-0.000906
-0.000000	-0.000000
0.000903	-0.000903
-0.000000	-0.000000
0.000900	-0.000900
0.000000	-0.000000
0.000898	-0.000898
-0.000000	-0.000000
0.000895	-0.000895
0.000000	-0.000000
0.000893	-0.000893
-0.000000	-0.000000
0.000890	-0.000890
0.000000	-0.000000
0.000888	-0.000888
-0.000000	-0.000000
0.000885	-0.000885
-0.000000	-0.000000
0.000883	-0.000883
-0.000000	-0.000000
0.000881	-0.000881
-0.000000	-0.000000
0.000878	-0.000878
0.000000	-0.000000
0.000876	-0.000876
-0.000000	-0.000000
0.000873	-0.000873
0.000000	-0.000000
0.000871	-0.000871
-0.000000	-0.000000
0.000869	-0.000869
0.000000	-0.000000
0.000866	-0.000866
-0.000000	-0.000000
0.000864	-0.000864
0.000000	-0.000000
0.000861	-0.000861
-0.000000	-0.000000
0.000859	-0.000859
-0.000000	-0.000000
0.000857	-0.000857
-0.000000	-0.000000
0.000855	-0.000855
-0.000000	-0.000000
0.000852	-0.000852
0.000000	-0.000000
0.000850	-0.000850
-0.000000	-0.000000
0.000848	-0.000848
0.000000	-0.000000
0.000845	-0.000845
-0.000000	-0.000000
0.000843	-0.000843
0.000000	-0.000000
0.000841	-0.000841
-0.000000	-0.000000
0.000839	-0.000839
-0.000000	-0.000000
0.000837	-0.000837
-0.000000	-0.000000
0.000834	-0.000834
-0.000000	-0.000000
0.000832	-0.000832
-0.000000	-0.000000
0.000830	-0.000830
-0.000000	-0.000000
0.000828	-0.000828
0.000000	-0.000000
0.000826	-0.000826
-0.000000	-0.000000
0.000824	-0.000824
0.000000	-0.000000
0.000821	-0.000821
-0.000000	-0.000000
0.000819	-0.000819
0.000000	-0.000000
0.000817	-0.000817
-0.000000	-0.000000
0.000815	-0.000815
-0.000000	-0.000000
0.000813	-0.000813
-0.000000	-0.000000
0.000811	-0.000811
-0.000000	-0.000000
0.000809	-0.000809
-0.000000	-0.000000
0.000807	-0.000807
-0.000000	-0.000000
0.000805	-0.000805
0.000000	-0.000000
0.000803	-0.000803
-0.000000	-0.000000
0.000801	-0.000801
0.000000	-0.000000
0.000799	-0.000799
-0.000000	-0.000000
0.000797	-0.000797
0.000000	-0.000000
0.000795	-0.000795
-0.000000	-0.000000
0.000793	-0.000793
-0.000000	-0.000000
0.000791	-0.000791
-0.000000	-0.000000
0.000789	-0.000789
-0.000000	-0.000000
0.000787	-0.000787
-0.000000	-0.000000
0.000785	-0.000785
-0.000000	-0.000000
0.000783	-0.000783
0.000000	-0.000000
0.000781	-0.000781
-0.000000	-0.000000
0.000779	-0.000779
0.000000	-0.000000
0.000777	-0.000777
-0.000000	-0.000000
0.000775	-0.000775
0.000000	-0.000000
0.000774	-0.000774
-0.000000	-0.000000
0.000772	-0.000772
-0.000000	-0.000000
0.000770	-0.000770
-0.000000	-0.000000
0.000768	-0.000768
-0.000000	-0.000000
0.000766	-0.000766
0.000000	-0.000000
0.000764	-0.000764
-0.000000	-0.000000
0.000762	-0.000762
0.000000	-0.000000
0.000761	-0.000761
-0.000000	-0.000000
0.000759	-0.000759
0.000000	-0.000000
0.000757	-0.000757
-0.000000	-0.000000
0.000755	-0.000755
-0.000000	-0.000000
0.000753	-0.000753
-0.000000	-0.000000
0.000752	-0.000752
-0.000000	-0.000000
0.000750	-0.000750
-0.000000	-0.000000
0.000748	-0.000748
-0.000000	-0.000000
0.000746	-0.000746
0.000000	-0.000000
0.000745	-0.000745
-0.000000	-0.000000
0.000743	-0.000743
0.000000	-0.000000
0.000741	-0.000741
-0.000000	-0.000000
0.000739	-0.000739
0.000000	-0.000000
0.000738	-0.000738
-0.000000	-0.000000
0.000736	-0.000736
-0.000000	-0.000000
0.000734	-0.000734
-0.000000	-0.000000
0.000733	-0.000733
-0.000000	-0.000000
0.000731	-0.000731
-0.000000	-0.000000
0.000729	-0.000729
-0.000000	-0.000000
0.000728	-0.000728
0.000000	-0.000000
0.000726	-0.000726
-0.000000	-0.000000
0.000724	-0.000724
0.000000	-0.000000
0.000723	-0.000723
-0.000000	-0.000000
0.000721	-0.000721
0.000000	-0.000000
0.000719	-0.000719
-0.000000	-0.000000
0.000718	-0.000718
-0.000000	-0.000000
0.000716	-0.000716
-0.000000	-0.000000
0.000715	-0.000715
-0.000000	-0.000000
0.000713	-0.000713
-0.000000	-0.000000
0.000711	-0.000711
-0.000000	-0.000000
0.000710	-0.000710
0.000000	-0.000000
0.000708	-0.000708
-0.000000	-0.000000
0.000707	-0.000707
0.000000	-0.000000
0.000705	-0.000705
-0.000000	-0.000000
0.000703	-0.000703
0.000000	-0.000000
0.000702	-0.000702
-0.000000	-0.000000
0.000700	-0.000700
-0.000000	-0.000000
0.000699	-0.000699
-0.000000	-0.000000
0.000697	-0.000697
-0.000000	-0.000000
0.000696	-0.000696
-0.000000	-0.000000
0.000694	-0.000694
-0.000000	-0.000000
0.000693	-0.000693
0.000000	-0.000000
0.000691	-0.000691
-0.000000	-0.000000
0.000690	-0.000690
0.000000	-0.000000
0.000688	-0.000688
-0.000000	-0.000000
0.000687	-0.000687
0.000000	-0.000000
0.000685	-0.000685
-0.000000	-0.000000
0.000684	-0.000684
-0.000000	-0.000000
0.000682	-0.000682
-0.000000	-0.000000
0.000681	-0.000681
-0.000000	-0.000000
0.000679	-0.000679
-0.000000	-0.000000
0.000678	-0.000678
-0.000000	-0.000000
0.000677	-0.000677
0.000000	-0.000000
0.000675	-0.000675
-0.000000	-0.000000
0.000674	-0.000674
0.000000	-0.000000
0.000672	-0.000672
-0.000000	-0.000000
0.000671	-0.000671
-0.000000	-0.000000
0.000669	-0.000669
-0.000000	-0.000000
0.000668	-0.000668
-0.000000	-0.000000
0.000667	-0.000667
-0.000000	-0.000000
0.000665	-0.000665
-0.000000	-0.000000
0.000664	-0.000664
-0.000000	-0.000000
0.000662	-0.000662
-0.000000	-0.000000
0.000661	-0.000661
0.000000	-0.000000
0.000660	-0.000660
-0.000000	-0.000000
0.000658	-0.000658
0.000000	-0.000000
0.000657	-0.000657
-0.000000	-0.000000
0.000656	-0.000656
-0.000000	-0.000000
0.000654	-0.000654
-0.000000	-0.000000
0.000653	-0.000653
-0.000000	-0.000000
0.000652	-0.000652
-0.000000	-0.000000
0.000650	-0.000650
-0.000000	-0.000000
0.000649	-0.000649
0.000000	-0.000000
0.000648	-0.000648
-0.000000	-0.000000
0.000646	-0.000646
0.000000	-0.000000
0.000645	-0.000645
-0.000000	-0.000000
0.000644	-0.000644
0.000000	-0.000000
0.000642	-0.000642
-0.000000	-0.000000
0.000641	-0.000641
-0.000000	-0.000000
0.000640	-0.000640
-0.000000	-0.000000
0.000639	-0.000639
-0.000000	-0.000000
0.000637	-0.000637
-0.000000	-0.000000
0.000636	-0.000636
-0.000000	-0.000000
0.000635	-0.000635
0.000000	-0.000000
0.000633	-0.000633
-0.000000	-0.000000
0.000632	-0.000632
0.000000	-0.000000
0.000631	-0.000631
-0.000000	-0.000000
0.000630	-0.000630
0.000000	-0.000000
0.000628	-0.000628
-0.000000	-0.000000
0.000627	-0.000627
-0.000000	-0.000000
0.000626	-0.000626
-0.000000	-0.000000
0.000625	-0.000625
-0.000000	-0.000000
0.000624	-0.000624
-0.000000	-0.000000
0.000622	-0.000622
-0.000000	-0.000000
0.000621	-0.000621
0.000000	-0.000000
0.000620	-0.000620
-0.000000	-0.000000
0.000619	-0.000619
0.000000	-0.000000
0.000617	-0.000617
-0.000000	-0.000000
0.000616	-0.000616
-0.000000	-0.000000
0.000615	-0.000615
-0.000000	-0.000000
0.000614	-0.000614
-0.000000	-0.000000
0.000613	-0.000613
-0.000000	-0.000000
0.000612	-0.000612
-0.000000	-0.000000
0.000610	-0.000610
-0.000000	-0.000000
0.000609	-0.000609
-0.000000	-0.000000
0.000608	-0.000608
0.000000	-0.000000
0.000607	-0.000607
-0.000000	-0.000000
0.000606	-0.000606
0.000000	-0.000000
0.000605	-0.000605
-0.000000	-0.000000
0.000603	-0.000603
-0.000000	-0.000000
0.000602	-0.000602
-0.000000	-0.000000
0.000601	-0.000601
-0.000000	-0.000000
0.000600	-0.000600
-0.000000	-0.000000
0.000599	-0.000599
-0.000000	-0.000000
0.000598	-0.000598
-0.000000	-0.000000
0.000597	-0.000597
-0.000000	-0.000000
0.000596	-0.000596
0.000000	-0.000000
0.000594	-0.000594
-0.000000	-0.000000
0.000593	-0.000593
0.000000	-0.000000
0.000592	-0.000592
-0.000000	-0.000000
0.000591	-0.000591
-0.000000	-0.000000
0.000590	-0.000590
-0.000000	-0.000000
0.000589	-0.000589
-0.000000	-0.000000
0.000588	-0.000588
-0.000000	-0.000000
0.000587	-0.000587
-0.000000	-0.000000
0.000586	-0.000586
0.000000	-0.000000
0.000585	-0.000585
-0.000000	-0.000000
0.000584	-0.000584
0.000000	-0.000000
0.000582	-0.000582
-0.000000	-0.000000
0.000581	-0.000581
0.000000	-0.000000
0.000580	-0.000580
-0.000000	-0.000000
0.000579	-0.000579
-0.000000	-0.000000
0.000578	-0.000578
-0.000000	-0.000000
0.000577	-0.000577
-0.000000	-0.000000
0.000576	-0.000576
-0.000000	-0.000000
0.000575	-0.000575
-0.000000	-0.000000
0.000574	-0.000574
0.000000	-0.000000
0.000573	-0.000573
-0.000000	-0.000000
0.000572	-0.000572
0.000000	-0.000000
0.000571	-0.000571
-0.000000	-0.000000
0.000570	-0.000570
-0.000000	-0.000000
0.000569	-0.000569
-0.000000	-0.000000
0.000568	-0.000568
-0.000000	-0.000000
0.000567	-0.000567
-0.000000	-0.000000
0.000566	-0.000566
-0.000000	-0.000000
0.000565	-0.000565
-0.000000	-0.000000
0.000564	-0.000564
-0.000000	-0.000000
0.000563	-0.000563
0.000000	-0.000000
0.000562	-0.000562
-0.000000	-0.000000
0.000561	-0.000561
0.000000	-0.000000
0.000560	-0.000560
-0.000000	-0.000000
0.000559	-0.000559
-0.000000	-0.000000
0.000558	-0.000558
-0.000000	-0.000000
0.000557	-0.000557
-0.000000	-0.000000
0.000556	-0.000556
-0.000000	-0.000000
0.000555	-0.000555
-0.000000	-0.000000
0.000554	-0.000554
-0.000000	-0.000000
0.000553	-0.000553
-0.000000	-0.000000
0.000552	-0.000552
0.000000	-0.000000
0.000551	-0.000551
-0.000000	-0.000000
0.000550	-0.000550
0.000000	-0.000000
0.000549	-0.000549
-0.000000	-0.000000
0.000548	-0.000548
-0.000000	-0.000000
0.000547	-0.000547
-0.000000	-0.000000
0.000546	-0.000546
-0.000000	-0.000000
0.000546	-0.000546
-0.000000	-0.000000
0.000545	-0.000545
-0.000000	-0.000000
0.000544	-0.000544
-0.000000	-0.000000
0.000543	-0.000543
-0.000000	-0.000000
0.000542	-0.000542
0.000000	-0.000000
0.000541	-0.000541
-0.000000	-0.000000
0.000540	-0.000540
0.000000	-0.000000
0.000539	-0.000539
-0.000000	-0.000000
0.000538	-0.000538
-0.000000	-0.000000
0.000537	-0.000537
-0.000000	-0.000000
0.000536	-0.000536
-0.000000	-0.000000
0.000535	-0.000535
-0.000000	-0.000000
0.000535	-0.000535
-0.000000	-0.000000
0.000534	-0.000534
-0.000000	-0.000000
0.000533	-0.000533
-0.000000	-0.000000
0.000532	-0.000532
0.000000	-0.000000
0.000531	-0.000531
-0.000000	-0.000000
0.000530	-0.000530
0.000000	-0.000000
0.000529	-0.000529
-0.000000	-0.000000
0.000528	-0.000528
-0.000000	-0.000000
0.000527	-0.000527
-0.000000	-0.000000
0.000527	-0.000527
-0.000000	-0.000000
0.000526	-0.000526
-0.000000	-0.000000
0.000525	-0.000525
-0.000000	-0.000000
0.000524	-0.000524
-0.000000	-0.000000
0.000523	-0.000523
-0.000000	-0.000000
0.000522	-0.000522
0.000000	-0.000000
0.000521	-0.000521
-0.000000	-0.000000
0.000521	-0.000521
-0.000000	-0.000000
0.000520	-0.000520
-0.000000	-0.000000
0.000519	-0.000519
-0.000000	-0.000000
0.000518	-0.000518
-0.000000	-0.000000
0.000517	-0.000517
-0.000000	-0.000000
0.000516	-0.000516
-0.000000	-0.000000
0.000515	-0.000515
-0.000000	-0.000000
0.000515	-0.000515
0.000000	-0.000000
0.000514	-0.000514
-0.000000	-0.000000
0.000513	-0.000513
0.000000	-0.000000
0.000512	-0.000512
-0.000000	-0.000000
0.000511	-0.000511
-0.000000	-0.000000
0.000511	-0.000511
-0.000000	-0.000000
0.000510	-0.000510
-0.000000	-0.000000
0.000509	-0.000509
-0.000000	-0.000000
0.000508	-0.000508
-0.000000	-0.000000
0.000507	-0.000507
-0.000000	-0.000000
0.000506	-0.000506
-0.000000	-0.000000
0.000506	-0.000506
0.000000	-0.000000
0.000505	-0.000505
-0.000000	-0.000000
0.000504	-0.000504
0.000000	-0.000000
0.000503	-0.000503
-0.000000	-0.000000
0.000502	-0.000502
-0.000000	-0.000000
0.000502	-0.000502
-0.000000	-0.000000
0.000501	-0.000501
-0.000000	-0.000000
0.000500	-0.000500
-0.000000	-0.000000
0.000499	-0.000499
-0.000000	-0.000000
0.000499	-0.000499
-0.000000	-0.000000
0.000498	-0.000498
-0.000000	-0.000000
0.000497	-0.000497
0.000000	-0.000000
0.000496	-0.000496
-0.000000	-0.000000
0.000495	-0.000495
0.000000	-0.000000
0.000495	-0.000495
-0.000000	-0.000000
0.000494	-0.000494
-0.000000	-0.000000
0.000493	-0.000493
-0.000000	-0.000000
0.000492	-0.000492
-0.000000	-0.000000
0.000492	-0.000492
-0.000000	-0.000000
0.000491	-0.000491
-0.000000	-0.000000
0.000490	-0.000490
-0.000000	-0.000000
0.000489	-0.000489
-0.000000	-0.000000
0.000489	-0.000489
-0.000000	-0.000000
0.000488	-0.000488
0.000000	-0.000000
0.000487	-0.000487
-0.000000	-0.000000
0.000486	-0.000486
-0.000000	-0.000000
0.000486	-0.000486
-0.000000	-0.000000
0.000485	-0.000485
0.000000	-0.000000
0.000484	-0.000484
-0.000000	-0.000000
0.000483	-0.000483
-0.000000	-0.000000
0.000483	-0.000483
-0.000000	-0.000000
0.000482	-0.000482
0.000000	-0.000000
0.000481	-0.000481
-0.000000	-0.000000
0.000480	-0.000480
-0.000000	-0.000000
0.000480	-0.000480
0.000000	-0.000000
0.000479	-0.000479
-0.000000	-0.000000
0.000478	-0.000478
-0.000000	-0.000000
0.000478	-0.000478
-0.000000	-0.000000
0.000477	-0.000477
0.000000	-0.000000
0.000476	-0.000476
-0.000000	-0.000000
0.000475	-0.000475
-0.000000	-0.000000
0.000475	-0.000475
-0.000000	-0.000000
0.000474	-0.000474
0.000000	-0.000000
0.000473	-0.000473
-0.000000	-0.000000
0.000473	-0.000473
-0.000000	-0.000000
0.000472	-0.000472
0.000000	-0.000000
0.000471	-0.000471
-0.000000	-0.000000
0.000471	-0.000471
-0.000000	-0.000000
0.000470	-0.000470
-0.000000	-0.000000
0.000469	-0.000469
0.000000	-0.000000
0.000468	-0.000468
-0.000000	-0.000000
0.000468	-0.000468
-0.000000	-0.000000
0.000467	-0.000467
-0.000000	-0.000000
0.000466	-0.000466
0.000000	-0.000000
0.000466	-0.000466
-0.000000	-0.000000
0.000465	-0.000465
-0.000000	-0.000000
0.000464	-0.000464
0.000000	-0.000000
0.000464	-0.000464
-0.000000	-0.000000
0.000463	-0.000463
-0.000000	-0.000000
0.000462	-0.000462
-0.000000	-0.000000
0.000462	-0.000462
0.000000	-0.000000
0.000461	-0.000461
-0.000000	-0.000000
0.000460	-0.000460
-0.000000	-0.000000
0.000460	-0.000460
-0.000000	-0.000000
0.000459	-0.000459
0.000000	-0.000000
0.000458	-0.000458
-0.000000	-0.000000
0.000458	-0.000458
-0.000000	-0.000000
0.000457	-0.000457
0.000000	-0.000000
0.000456	-0.000456
-0.000000	-0.000000
0.000456	-0.000456
-0.000000	-0.000000
0.000455	-0.000455
-0.000000	-0.000000
0.000454	-0.000454
0.000000	-0.000000
0.000454	-0.000454
-0.000000	-0.000000
0.000453	-0.000453
-0.000000	-0.000000
0.000452	-0.000452
-0.000000	-0.000000
0.000452	-0.000452
0.000000	-0.000000
0.000451	-0.000451
-0.000000	-0.000000
0.000451	-0.000451
-0.000000	-0.000000
0.000450	-0.000450
0.000000	-0.000000
0.000449	-0.000449
-0.000000	-0.000000
0.000449	-0.000449
-0.000000	-0.000000
0.000448	-0.000448
-0.000000	-0.000000
0.000447	-0.000447
0.000000	-0.000000
0.000447	-0.000447
-0.000000	-0.000000
0.000446	-0.000446
-0.000000	-0.000000
0.000446	-0.000446
0.000000	-0.000000
0.000445	-0.000445
0.000000	-0.000000
0.000444	-0.000444
-0.000000	-0.000000
0.000444	-0.000444
-0.000000	-0.000000
0.000443	-0.000443
0.000000	-0.000000
0.000442	-0.000442
-0.000000	-0.000000
0.000442	-0.000442
-0.000000	-0.000000
0.000441	-0.000441
-0.000000	-0.000000
0.000441	-0.000441
0.000000	-0.000000
0.000440	-0.000440
-0.000000	-0.000000
0.000439	-0.000439
-0.000000	-0.000000
0.000439	-0.000439
0.000000	-0.000000
0.000438	-0.000438
0.000000	-0.000000
0.000438	-0.000438
-0.000000	-0.000000
0.000437	-0.000437
-0.000000	-0.000000
0.000436	-0.000436
0.000000	-0.000000
0.000436	-0.000436
-0.000000	-0.000000
0.000435	-0.000435
-0.000000	-0.000000
0.000435	-0.000435
-0.000000	-0.000000
0.000434	-0.000434
0.000000	-0.000000
0.000433	-0.000433
-0.000000	-0.000000
0.000433	-0.000433
-0.000000	-0.000000
0.000432	-0.000432
0.000000	-0.000000
0.000432	-0.000432
0.000000	-0.000000
0.000431	-0.000431
-0.000000	-0.000000
0.000430	-0.000430
-0.000000	-0.000000
0.000430	-0.000430
0.000000	-0.000000
0.000429	-0.000429
-0.000000	-0.000000
0.000429	-0.000429
-0.000000	-0.000000
0.000428	-0.000428
-0.000000	-0.000000
0.000428	-0.000428
0.000000	-0.000000
0.000427	-0.000427
-0.000000	-0.000000
0.000426	-0.000426
-0.000000	-0.000000
0.000426	-0.000426
0.000000	-0.000000
0.000425	-0.000425
-0.000000	-0.000000
0.000425	-0.000425
-0.000000	-0.000000
0.000424	-0.000424
-0.000000	-0.000000
0.000424	-0.000424
0.000000	-0.000000
0.000423	-0.000423
-0.000000	-0.000000
0.000422	-0.000422
-0.000000	-0.000000
0.000422	-0.000422
-0.000000	-0.000000
0.000421	-0.000421
0.000000	-0.000000
0.000421	-0.000421
-0.000000	-0.000000
0.000420	-0.000420
-0.000000	-0.000000
0.000420	-0.000420
0.000000	-0.000000
0.000419	-0.000419
-0.000000	-0.000000
0.000419	-0.000419
-0.000000	-0.000000
0.000418	-0.000418
-0.000000	-0.000000
0.000417	-0.000417
0.000000	-0.000000
0.000417	-0.000417
-0.000000	-0.000000
0.000416	-0.000416
-0.000000	-0.000000
0.000416	-0.000416
-0.000000	-0.000000
0.000415	-0.000415
0.000000	-0.000000
0.000415	-0.000415
-0.000000	-0.000000
0.000414	-0.000414
-0.000000	-0.000000
0.000414	-0.000414
0.000000	-0.000000
0.000413	-0.000413
-0.000000	-0.000000
0.000413	-0.000413
-0.000000	-0.000000
0.000412	-0.000412
-0.000000	-0.000000
0.000412	-0.000412
0.000000	-0.000000
0.000411	-0.000411
-0.000000	-0.000000
0.000410	-0.000410
-0.000000	-0.000000
0.000410	-0.000410
-0.000000	-0.000000
0.000409	-0.000409
0.000000	-0.000000
0.000409	-0.000409
-0.000000	-0.000000
0.000408	-0.000408
-0.000000	-0.000000
0.000408	-0.000408
0.000000	-0.000000
0.000407	-0.000407
-0.000000	-0.000000
0.000407	-0.000407
-0.000000	-0.000000
0.000406	-0.000406
-0.000000	-0.000000
0.000406	-0.000406
0.000000	-0.000000
0.000405	-0.000405
-0.000000	-0.000000
0.000405	-0.000405
-0.000000	-0.000000
0.000404	-0.000404
-0.000000	-0.000000
0.000404	-0.000404
0.000000	-0.000000
0.000403	-0.000403
-0.000000	-0.000000
0.000403	-0.000403
-0.000000	-0.000000
0.000402	-0.000402
0.000000	-0.000000
0.000402	-0.000402
-0.000000	-0.000000
0.000401	-0.000401
-0.000000	-0.000000
0.000401	-0.000401
-0.000000	-0.000000
0.000400	-0.000400
0.000000	-0.000000
0.000400	-0.000400
-0.000000	-0.000000
0.000399	-0.000399
-0.000000	-0.000000
0.000399	-0.000399
-0.000000	-0.000000
0.000398	-0.000398
0.000000	-0.000000
0.000398	-0.000398
-0.000000	-0.000000
0.000397	-0.000397
-0.000000	-0.000000
0.000397	-0.000397
0.000000	-0.000000
0.000396	-0.000396
-0.000000	-0.000000
0.000396	-0.000396
-0.000000	-0.000000
0.000395	-0.000395
-0.000000	-0.000000
0.000395	-0.000395
0.000000	-0.000000
0.000394	-0.000394
-0.000000	-0.000000
0.000394	-0.000394
-0.000000	-0.000000
0.000393	-0.000393
-0.000000	-0.000000
0.000393	-0.000393
0.000000	-0.000000
0.000392	-0.000392
-0.000000	-0.000000
0.000392	-0.000392
-0.000000	-0.000000
0.000391	-0.000391
0.000000	-0.000000
0.000391	-0.000391
-0.000000	-0.000000
0.000390	-0.000390
-0.000000	-0.000000
0.000390	-0.000390
-0.000000	-0.000000
0.000389	-0.000389
0.000000	-0.000000
0.000389	-0.000389
-0.000000	-0.000000
0.000388	-0.000388
-0.000000	-0.000000
0.000388	-0.000388
-0.000000	-0.000000
0.000387	-0.000387
0.000000	-0.000000
0.000387	-0.000387
-0.000000	-0.000000
0.000387	-0.000387
-0.000000	-0.000000
0.000386	-0.000386
0.000000	-0.000000
0.000386	-0.000386
-0.000000	-0.000000
0.000385	-0.000385
-0.000000	-0.000000
0.000385	-0.000385
-0.000000	-0.000000
0.000384	-0.000384
0.000000	-0.000000
0.000384	-0.000384
-0.000000	-0.000000
0.000383	-0.000383
-0.000000	-0.000000
0.000383	-0.000383
0.000000	-0.000000
0.000382	-0.000382
0.000000	-0.000000
0.000382	-0.000382
-0.000000	-0.000000
0.000381	-0.000381
-0.000000	-0.000000
0.000381	-0.000381
0.000000	-0.000000
0.000381	-0.000381
-0.000000	-0.000000
0.000380	-0.000380
-0.000000	-0.000000
0.000380	-0.000380
-0.000000	-0.000000
0.000379	-0.000379
0.000000	-0.000000
0.000379	-0.000379
-0.000000	-0.000000
0.000378	-0.000378
-0.000000	-0.000000
0.000378	-0.000378
0.000000	-0.000000
0.000377	-0.000377
-0.000000	-0.000000
0.000377	-0.000377
-0.000000	-0.000000
0.000376	-0.000376
-0.000000	-0.000000
0.000376	-0.000376
0.000000	-0.000000
0.000376	-0.000376
-0.000000	-0.000000
0.000375	-0.000375
-0.000000	-0.000000
0.000375	-0.000375
-0.000000	-0.000000
0.000374	-0.000374
0.000000	-0.000000
0.000374	-0.000374
-0.000000	-0.000000
0.000373	-0.000373
-0.000000	-0.000000
0.000373	-0.000373
0.000000	-0.000000
0.000373	-0.000373
-0.000000	-0.000000
0.000372	-0.000372
-0.000000	-0.000000
0.000372	-0.000372
-0.000000	-0.000000
0.000371	-0.000371
0.000000	-0.000000
0.000371	-0.000371
-0.000000	-0.000000
0.000370	-0.000370
-0.000000	-0.000000
0.000370	-0.000370
-0.000000	-0.000000
0.000369	-0.000369
0.000000	-0.000000
0.000369	-0.000369
-0.000000	-0.000000
0.000369	-0.000369
-0.000000	-0.000000
0.000368	-0.000368
0.000000	-0.000000
0.000368	-0.000368
-0.000000	-0.000000
0.000367	-0.000367
-0.000000	-0.000000
0.000367	-0.000367
-0.000000	-0.000000
0.000367	-0.000367
0.000000	-0.000000
0.000366	-0.000366
-0.000000	-0.000000
0.000366	-0.000366
-0.000000	-0.000000
0.000365	-0.000365
-0.000000	-0.000000
0.000365	-0.000365
0.000000	-0.000000
0.000364	-0.000364
-0.000000	-0.000000
0.000364	-0.000364
-0.000000	-0.000000
0.000364	-0.000364
0.000000	-0.000000
0.000363	-0.000363
-0.000000	-0.000000
0.000363	-0.000363
-0.000000	-0.000000
0.000362	-0.000362
-0.000000	-0.000000
0.000362	-0.000362
0.000000	-0.000000
0.000362	-0.000362
-0.000000	-0.000000
0.000361	-0.000361
-0.000000	-0.000000
0.000361	-0.000361
-0.000000	-0.000000
0.000360	-0.000360
0.000000	-0.000000
0.000360	-0.000360
-0.000000	-0.000000
0.000359	-0.000359
-0.000000	-0.000000
0.000359	-0.000359
0.000000	-0.000000
0.000359	-0.000359
-0.000000	-0.000000
0.000358	-0.000358
-0.000000	-0.000000
0.000358	-0.000358
-0.000000	-0.000000
0.000357	-0.000357
0.000000	-0.000000
0.000357	-0.000357
-0.000000	-0.000000
0.000357	-0.000357
-0.000000	-0.000000
0.000356	-0.000356
-0.000000	-0.000000
0.000356	-0.000356
0.000000	-0.000000
0.000355	-0.000355
-0.000000	-0.000000
0.000355	-0.000355
-0.000000	-0.000000
0.000355	-0.000355
0.000000	-0.000000
0.000354	-0.000354
-0.000000	-0.000000
0.000354	-0.000354
-0.000000	-0.000000
0.000353	-0.000353
-0.000000	-0.000000
0.000353	-0.000353
0.000000	-0.000000
0.000353	-0.000353
-0.000000	-0.000000
0.000352	-0.000352
-0.000000	-0.000000
0.000352	-0.000352
-0.000000	-0.000000
0.000352	-0.000352
0.000000	-0.000000
0.000351	-0.000351
-0.000000	-0.000000
0.000351	-0.000351
-0.000000	-0.000000
0.000350	-0.000350
0.000000	-0.000000
0.000350	-0.000350
-0.000000	-0.000000
0.000350	-0.000350
-0.000000	-0.000000
0.000349	-0.000349
-0.000000	-0.000000
0.000349	-0.000349
0.000000	-0.000000
0.000348	-0.000348
-0.000000	-0.000000
0.000348	-0.000348
-0.000000	-0.000000
0.000348	-0.000348
-0.000000	-0.000000
0.000347	-0.000347
0.000000	-0.000000
0.000347	-0.000347
-0.000000	-0.000000
0.000347	-0.000347
-0.000000	-0.000000
0.000346	-0.000346
0.000000	-0.000000
0.000346	-0.000346
-0.000000	-0.000000
0.000345	-0.000345
-0.000000	-0.000000
0.000345	-0.000345
-0.000000	-0.000000
0.000345	-0.000345
0.000000	-0.000000
0.000344	-0.000344
-0.000000	-0.000000
0.000344	-0.000344
-0.000000	-0.000000
0.000344	-0.000344
-0.000000	-0.000000
0.000343	-0.000343
0.000000	-0.000000
0.000343	-0.000343
-0.000000	-0.000000
0.000342	-0.000342
-0.000000	-0.000000
0.000342	-0.000342
0.000000	-0.000000
0.000342	-0.000342
-0.000000	-0.000000
0.000341	-0.000341
-0.000000	-0.000000
0.000341	-0.000341
-0.000000	-0.000000
0.000341	-0.000341
0.000000	-0.000000
0.000340	-0.000340
-0.000000	-0.000000
0.000340	-0.000340
-0.000000	-0.000000
0.000340	-0.000340
-0.000000	-0.000000
0.000339	-0.000339
-0.000000	-0.000000
0.000339	-0.000339
-0.000000	-0.000000
0.000338	-0.000338
-0.000000	-0.000000
0.000338	-0.000338
0.000000	-0.000000
0.000338	-0.000338
-0.000000	-0.000000
0.000337	-0.000337
-0.000000	-0.000000
0.000337	-0.000337
-0.000000	-0.000000
0.000337	-0.000337
0.000000	-0.000000
0.000336	-0.000336
-0.000000	-0.000000
0.000336	-0.000336
-0.000000	-0.000000
0.000336	-0.000336
-0.000000	-0.000000
0.000335	-0.000335
-0.000000	-0.000000
0.000335	-0.000335
-0.000000	-0.000000
0.000335	-0.000335
-0.000000	-0.000000
0.000334	-0.000334
0.000000	-0.000000
0.000334	-0.000334
-0.000000	-0.000000
0.000333	-0.000333
-0.000000	-0.000000
0.000333	-0.000333
-0.000000	-0.000000
0.000333	-0.000333
0.000000	-0.000000
0.000332	-0.000332
-0.000000	-0.000000
0.000332	-0.000332
-0.000000	-0.000000
0.000332	-0.000332
-0.000000	-0.000000
0.000331	-0.000331
-0.000000	-0.000000
0.000331	-0.000331
-0.000000	-0.000000
0.000331	-0.000331
-0.000000	-0.000000
0.000330	-0.000330
0.000000	-0.000000
0.000330	-0.000330
-0.000000	-0.000000
0.000330	-0.000330
-0.000000	-0.000000
0.000329	-0.000329
-0.000000	-0.000000
0.000329	-0.000329
0.000000	-0.000000
0.000329	-0.000329
-0.000000	-0.000000
0.000328	-0.000328
-0.000000	-0.000000
0.000328	-0.000328
0.000000	-0.000000
0.000328	-0.000328
-0.000000	-0.000000
0.000327	-0.000327
-0.000000	-0.000000
0.000327	-0.000327
-0.000000	-0.000000
0.000327	-0.000327
0.000000	-0.000000
0.000326	-0.000326
-0.000000	-0.000000
0.000326	-0.000326
-0.000000	-0.000000
0.000326	-0.000326
-0.000000	-0.000000
0.000325	-0.000325
0.000000	-0.000000
0.000325	-0.000325
-0.000000	-0.000000
0.000325	-0.000325
-0.000000	-0.000000
0.000324	-0.000324
0.000000	-0.000000
0.000324	-0.000324
-0.000000	-0.000000
0.000324	-0.000324
-0.000000	-0.000000
0.000323	-0.000323
-0.000000	-0.000000
0.000323	-0.000323
0.000000	-0.000000
0.000323	-0.000323
-0.000000	-0.000000
0.000322	-0.000322
-0.000000	-0.000000
0.000322	-0.000322
-0.000000	-0.000000
0.000322	-0.000322
0.000000	-0.000000
0.000321	-0.000321
-0.000000	-0.000000
0.000321	-0.000321
-0.000000	-0.000000
0.000321	-0.000321
0.000000	-0.000000
0.000320	-0.000320
-0.000000	-0.000000
0.000320	-0.000320
-0.000000	-0.000000
0.000320	-0.000320
-0.000000	-0.000000
0.000319	-0.000319
0.000000	-0.000000
0.000319	-0.000319
-0.000000	-0.000000
0.000319	-0.000319
-0.000000	-0.000000
0.000318	-0.000318
-0.000000	-0.000000
0.000318	-0.000318
0.000000	-0.000000
0.000318	-0.000318
-0.000000	-0.000000
0.000318	-0.000318
-0.000000	-0.000000
0.000317	-0.000317
0.000000	-0.000000
0.000317	-0.000317
-0.000000	-0.000000
0.000317	-0.000317
-0.000000	-0.000000
0.000316	-0.000316
-0.000000	-0.000000
0.000316	-0.000316
0.000000	-0.000000
0.000316	-0.000316
-0.000000	-0.000000
0.000315	-0.000315
-0.000000	-0.000000
0.000315	-0.000315
-0.000000	-0.000000
0.000315	-0.000315
0.000000	-0.000000
0.000314	-0.000314
-0.000000	-0.000000
0.000314	-0.000314
-0.000000	-0.000000
0.000314	-0.000314
0.000000	-0.000000
0.000313	-0.000313
-0.000000	-0.000000
0.000313	-0.000313
-0.000000	-0.000000
0.000313	-0.000313
-0.000000	-0.000000
0.000313	-0.000313
0.000000	-0.000000
0.000312	-0.000312
-0.000000	-0.000000
0.000312	-0.000312
-0.000000	-0.000000
0.000312	-0.000312
-0.000000	-0.000000
0.000311	-0.000311
-0.000000	-0.000000
0.000311	-0.000311
