4096
0.000000	0.000000
0.000000	0.797885
0.000000	0.000000
0.000000	0.460659
0.000000	0.000000
0.000000	0.356825
0.000000	0.000000
0.000000	0.301572
0.000000	0.000000
0.000000	0.265962
0.000000	0.000000
0.000000	0.240571
0.000000	0.000000
0.000000	0.221293
0.000000	0.000000
0.000000	0.206013
0.000000	0.000000
0.000000	0.193515
0.000000	0.000000
0.000000	0.183047
0.000000	0.000000
0.000000	0.174113
0.000000	0.000000
0.000000	0.166370
0.000000	0.000000
0.000000	0.159577
0.000000	0.000000
0.000000	0.153553
0.000000	0.000000
0.000000	0.148163
0.000000	0.000000
0.000000	0.143304
0.000000	0.000000
0.000000	0.138894
0.000000	0.000000
0.000000	0.134867
0.000000	0.000000
0.000000	0.131171
0.000000	0.000000
0.000000	0.127764
0.000000	0.000000
0.000000	0.124609
0.000000	0.000000
0.000000	0.121676
0.000000	0.000000
0.000000	0.118942
0.000000	0.000000
0.000000	0.116383
0.000000	0.000000
0.000000	0.113984
0.000000	0.000000
0.000000	0.111726
0.000000	0.000000
0.000000	0.109598
0.000000	0.000000
0.000000	0.107587
0.000000	0.000000
0.000000	0.105682
0.000000	0.000000
0.000000	0.103876
0.000000	0.000000
0.000000	0.102159
0.000000	0.000000
0.000000	0.100524
0.000000	0.000000
0.000000	0.098965
0.000000	0.000000
0.000000	0.097477
0.000000	0.000000
0.000000	0.096054
0.000000	0.000000
0.000000	0.094691
0.000000	0.000000
0.000000	0.093385
0.000000	0.000000
0.000000	0.092132
0.000000	0.000000
0.000000	0.090927
0.000000	0.000000
0.000000	0.089769
0.000000	0.000000
0.000000	0.088654
0.000000	0.000000
0.000000	0.087579
0.000000	0.000000
0.000000	0.086543
0.000000	0.000000
0.000000	0.085542
0.000000	0.000000
0.000000	0.084576
0.000000	0.000000
0.000000	0.083641
0.000000	0.000000
0.000000	0.082737
0.000000	0.000000
0.000000	0.081861
0.000000	0.000000
0.000000	0.081013
0.000000	0.000000
0.000000	0.080190
0.000000	0.000000
0.000000	0.079392
0.000000	0.000000
0.000000	0.078618
0.000000	0.000000
0.000000	0.077866
0.000000	0.000000
0.000000	0.077134
0.000000	0.000000
0.000000	0.076423
0.000000	0.000000
0.000000	0.075732
0.000000	0.000000
0.000000	0.075059
0.000000	0.000000
0.000000	0.074403
0.000000	0.000000
0.000000	0.073764
0.000000	0.000000
0.000000	0.073142
0.000000	0.000000
0.000000	0.072535
0.000000	0.000000
0.000000	0.071943
0.000000	0.000000
0.000000	0.071365
0.000000	0.000000
0.000000	0.070801
0.000000	0.000000
0.000000	0.070250
0.000000	0.000000
0.000000	0.069711
0.000000	0.000000
0.000000	0.069185
0.000000	0.000000
0.000000	0.068671
0.000000	0.000000
0.000000	0.068168
0.000000	0.000000
0.000000	0.067676
0.000000	0.000000
0.000000	0.067194
0.000000	0.000000
0.000000	0.066722
0.000000	0.000000
0.000000	0.066261
0.000000	0.000000
0.000000	0.065808
0.000000	0.000000
0.000000	0.065365
0.000000	0.000000
0.000000	0.064931
0.000000	0.000000
0.000000	0.064505
0.000000	0.000000
0.000000	0.064088
0.000000	0.000000
0.000000	0.063678
0.000000	0.000000
0.000000	0.063276
0.000000	0.000000
0.000000	0.062882
0.000000	0.000000
0.000000	0.062495
0.000000	0.000000
0.000000	0.062115
0.000000	0.000000
0.000000	0.061742
0.000000	0.000000
0.000000	0.061376
0.000000	0.000000
0.000000	0.061016
0.000000	0.000000
0.000000	0.060662
0.000000	0.000000
0.000000	0.060314
0.000000	0.000000
0.000000	0.059973
0.000000	0.000000
0.000000	0.059637
0.000000	0.000000
0.000000	0.059306
0.000000	0.000000
0.000000	0.058981
0.000000	0.000000
0.000000	0.058662
0.000000	0.000000
0.000000	0.058347
0.000000	0.000000
0.000000	0.058038
0.000000	0.000000
0.000000	0.057733
0.000000	0.000000
0.000000	0.057433
0.000000	0.000000
0.000000	0.057138
0.000000	0.000000
0.000000	0.056847
0.000000	0.000000
0.000000	0.056561
0.000000	0.000000
0.000000	0.056278
0.000000	0.000000
0.000000	0.056001
0.000000	0.000000
0.000000	0.055727
0.000000	0.000000
0.000000	0.055457
0.000000	0.000000
0.000000	0.055191
0.000000	0.000000
0.000000	0.054929
0.000000	0.000000
0.000000	0.054670
0.000000	0.000000
0.000000	0.054415
0.000000	0.000000
0.000000	0.054164
0.000000	0.000000
0.000000	0.053916
0.000000	0.000000
0.000000	0.053672
0.000000	0.000000
0.000000	0.053430
0.000000	0.000000
0.000000	0.053192
0.000000	0.000000
0.000000	0.052957
0.000000	0.000000
0.000000	0.052726
0.000000	0.000000
0.000000	0.052497
0.000000	0.000000
0.000000	0.052271
0.000000	0.000000
0.000000	0.052048
0.000000	0.000000
0.000000	0.051828
0.000000	0.000000
0.000000	0.051611
0.000000	0.000000
0.000000	0.051396
0.000000	0.000000
0.000000	0.051184
0.000000	0.000000
0.000000	0.050975
0.000000	0.000000
0.000000	0.050768
0.000000	0.000000
0.000000	0.050564
0.000000	0.000000
0.000000	0.050362
0.000000	0.000000
0.000000	0.050163
0.000000	0.000000
0.000000	0.049965
0.000000	0.000000
0.000000	0.049771
0.000000	0.000000
0.000000	0.049578
0.000000	0.000000
0.000000	0.049388
0.000000	0.000000
0.000000	0.049200
0.000000	0.000000
0.000000	0.049014
0.000000	0.000000
0.000000	0.048830
0.000000	0.000000
0.000000	0.048648
0.000000	0.000000
0.000000	0.048468
0.000000	0.000000
0.000000	0.048290
0.000000	0.000000
0.000000	0.048114
0.000000	0.000000
0.000000	0.047940
0.000000	0.000000
0.000000	0.047768
0.000000	0.000000
0.000000	0.047598
0.000000	0.000000
0.000000	0.047429
0.000000	0.000000
0.000000	0.047263
0.000000	0.000000
0.000000	0.047098
0.000000	0.000000
0.000000	0.046934
0.000000	0.000000
0.000000	0.046773
0.000000	0.000000
0.000000	0.046613
0.000000	0.000000
0.000000	0.046455
0.000000	0.000000
0.000000	0.046298
0.000000	0.000000
0.000000	0.046143
0.000000	0.000000
0.000000	0.045989
0.000000	0.000000
0.000000	0.045837
0.000000	0.000000
0.000000	0.045687
0.000000	0.000000
0.000000	0.045538
0.000000	0.000000
0.000000	0.045390
0.000000	0.000000
0.000000	0.045244
0.000000	0.000000
0.000000	0.045099
0.000000	0.000000
0.000000	0.044956
0.000000	0.000000
0.000000	0.044814
0.000000	0.000000
0.000000	0.044673
0.000000	0.000000
0.000000	0.044534
0.000000	0.000000
0.000000	0.044395
0.000000	0.000000
0.000000	0.044259
0.000000	0.000000
0.000000	0.044123
0.000000	0.000000
0.000000	0.043989
0.000000	0.000000
0.000000	0.043856
0.000000	0.000000
0.000000	0.043724
0.000000	0.000000
0.000000	0.043593
0.000000	0.000000
0.000000	0.043464
0.000000	0.000000
0.000000	0.043335
0.000000	0.000000
0.000000	0.043208
0.000000	0.000000
0.000000	0.043082
0.000000	0.000000
0.000000	0.042957
0.000000	0.000000
0.000000	0.042833
0.000000	0.000000
0.000000	0.042710
0.000000	0.000000
0.000000	0.042588
0.000000	0.000000
0.000000	0.042467
0.000000	0.000000
0.000000	0.042347
0.000000	0.000000
0.000000	0.042229
0.000000	0.000000
0.000000	0.042111
0.000000	0.000000
0.000000	0.041994
0.000000	0.000000
0.000000	0.041878
0.000000	0.000000
0.000000	0.041763
0.000000	0.000000
0.000000	0.041649
0.000000	0.000000
0.000000	0.041536
0.000000	0.000000
0.000000	0.041424
0.000000	0.000000
0.000000	0.041313
0.000000	0.000000
0.000000	0.041203
0.000000	0.000000
0.000000	0.041093
0.000000	0.000000
0.000000	0.040985
0.000000	0.000000
0.000000	0.040877
0.000000	0.000000
0.000000	0.040770
0.000000	0.000000
0.000000	0.040664
0.000000	0.000000
0.000000	0.040559
0.000000	0.000000
0.000000	0.040454
0.000000	0.000000
0.000000	0.040351
0.000000	0.000000
0.000000	0.040248
0.000000	0.000000
0.000000	0.040146
0.000000	0.000000
0.000000	0.040045
0.000000	0.000000
0.000000	0.039944
0.000000	0.000000
0.000000	0.039844
0.000000	0.000000
0.000000	0.039745
0.000000	0.000000
0.000000	0.039647
0.000000	0.000000
0.000000	0.039550
0.000000	0.000000
0.000000	0.039453
0.000000	0.000000
0.000000	0.039357
0.000000	0.000000
0.000000	0.039261
0.000000	0.000000
0.000000	0.039167
0.000000	0.000000
0.000000	0.039073
0.000000	0.000000
0.000000	0.038979
0.000000	0.000000
0.000000	0.038887
0.000000	0.000000
0.000000	0.038794
0.000000	0.000000
0.000000	0.038703
0.000000	0.000000
0.000000	0.038612
0.000000	0.000000
0.000000	0.038522
0.000000	0.000000
0.000000	0.038433
0.000000	0.000000
0.000000	0.038344
0.000000	0.000000
0.000000	0.038256
0.000000	0.000000
0.000000	0.038168
0.000000	0.000000
0.000000	0.038081
0.000000	0.000000
0.000000	0.037995
0.000000	0.000000
0.000000	0.037909
0.000000	0.000000
0.000000	0.037823
0.000000	0.000000
0.000000	0.037739
0.000000	0.000000
0.000000	0.037655
0.000000	0.000000
0.000000	0.037571
0.000000	0.000000
0.000000	0.037488
0.000000	0.000000
0.000000	0.037405
0.000000	0.000000
0.000000	0.037323
0.000000	0.000000
0.000000	0.037242
0.000000	0.000000
0.000000	0.037161
0.000000	0.000000
0.000000	0.037081
0.000000	0.000000
0.000000	0.037001
0.000000	0.000000
0.000000	0.036922
0.000000	0.000000
0.000000	0.036843
0.000000	0.000000
0.000000	0.036765
0.000000	0.000000
0.000000	0.036687
0.000000	0.000000
0.000000	0.036609
0.000000	0.000000
0.000000	0.036533
0.000000	0.000000
0.000000	0.036456
0.000000	0.000000
0.000000	0.036380
0.000000	0.000000
0.000000	0.036305
0.000000	0.000000
0.000000	0.036230
0.000000	0.000000
0.000000	0.036156
0.000000	0.000000
0.000000	0.036082
0.000000	0.000000
0.000000	0.036008
0.000000	0.000000
0.000000	0.035935
0.000000	0.000000
0.000000	0.035862
0.000000	0.000000
0.000000	0.035790
0.000000	0.000000
0.000000	0.035718
0.000000	0.000000
0.000000	0.035647
0.000000	0.000000
0.000000	0.035576
0.000000	0.000000
0.000000	0.035505
0.000000	0.000000
0.000000	0.035435
0.000000	0.000000
0.000000	0.035366
0.000000	0.000000
0.000000	0.035296
0.000000	0.000000
0.000000	0.035227
0.000000	0.000000
0.000000	0.035159
0.000000	0.000000
0.000000	0.035091
0.000000	0.000000
0.000000	0.035023
0.000000	0.000000
0.000000	0.034956
0.000000	0.000000
0.000000	0.034889
0.000000	0.000000
0.000000	0.034823
0.000000	0.000000
0.000000	0.034756
0.000000	0.000000
0.000000	0.034691
0.000000	0.000000
0.000000	0.034625
0.000000	0.000000
0.000000	0.034560
0.000000	0.000000
0.000000	0.034496
0.000000	0.000000
0.000000	0.034431
0.000000	0.000000
0.000000	0.034367
0.000000	0.000000
0.000000	0.034304
0.000000	0.000000
0.000000	0.034241
0.000000	0.000000
0.000000	0.034178
0.000000	0.000000
0.000000	0.034115
0.000000	0.000000
0.000000	0.034053
0.000000	0.000000
0.000000	0.033991
0.000000	0.000000
0.000000	0.033930
0.000000	0.000000
0.000000	0.033868
0.000000	0.000000
0.000000	0.033807
0.000000	0.000000
0.000000	0.033747
0.000000	0.000000
0.000000	0.033687
0.000000	0.000000
0.000000	0.033627
0.000000	0.000000
0.000000	0.033567
0.000000	0.000000
0.000000	0.033508
0.000000	0.000000
0.000000	0.033449
0.000000	0.000000
0.000000	0.033390
0.000000	0.000000
0.000000	0.033332
0.000000	0.000000
0.000000	0.033274
0.000000	0.000000
0.000000	0.033216
0.000000	0.000000
0.000000	0.033159
0.000000	0.000000
0.000000	0.033102
0.000000	0.000000
0.000000	0.033045
0.000000	0.000000
0.000000	0.032988
0.000000	0.000000
0.000000	0.032932
0.000000	0.000000
0.000000	0.032876
0.000000	0.000000
0.000000	0.032821
0.000000	0.000000
0.000000	0.032765
0.000000	0.000000
0.000000	0.032710
0.000000	0.000000
0.000000	0.032655
0.000000	0.000000
0.000000	0.032601
0.000000	0.000000
0.000000	0.032546
0.000000	0.000000
0.000000	0.032492
0.000000	0.000000
0.000000	0.032439
0.000000	0.000000
0.000000	0.032385
0.000000	0.000000
0.000000	0.032332
0.000000	0.000000
0.000000	0.032279
0.000000	0.000000
0.000000	0.032226
0.000000	0.000000
0.000000	0.032174
0.000000	0.000000
0.000000	0.032122
0.000000	0.000000
0.000000	0.032070
0.000000	0.000000
0.000000	0.032018
0.000000	0.000000
0.000000	0.031967
0.000000	0.000000
0.000000	0.031915
0.000000	0.000000
0.000000	0.031864
0.000000	0.000000
0.000000	0.031814
0.000000	0.000000
0.000000	0.031763
0.000000	0.000000
0.000000	0.031713
0.000000	0.000000
0.000000	0.031663
0.000000	0.000000
0.000000	0.031613
0.000000	0.000000
0.000000	0.031564
0.000000	0.000000
0.000000	0.031515
0.000000	0.000000
0.000000	0.031465
0.000000	0.000000
0.000000	0.031417
0.000000	0.000000
0.000000	0.031368
0.000000	0.000000
0.000000	0.031320
0.000000	0.000000
0.000000	0.031272
0.000000	0.000000
0.000000	0.031224
0.000000	0.000000
0.000000	0.031176
0.000000	0.000000
0.000000	0.031128
0.000000	0.000000
0.000000	0.031081
0.000000	0.000000
0.000000	0.031034
0.000000	0.000000
0.000000	0.030987
0.000000	0.000000
0.000000	0.030941
0.000000	0.000000
0.000000	0.030894
0.000000	0.000000
0.000000	0.030848
0.000000	0.000000
0.000000	0.030802
0.000000	0.000000
0.000000	0.030756
0.000000	0.000000
0.000000	0.030711
0.000000	0.000000
0.000000	0.030665
0.000000	0.000000
0.000000	0.030620
0.000000	0.000000
0.000000	0.030575
0.000000	0.000000
0.000000	0.030530
0.000000	0.000000
0.000000	0.030486
0.000000	0.000000
0.000000	0.030441
0.000000	0.000000
0.000000	0.030397
0.000000	0.000000
0.000000	0.030353
0.000000	0.000000
0.000000	0.030309
0.000000	0.000000
0.000000	0.030265
0.000000	0.000000
0.000000	0.030222
0.000000	0.000000
0.000000	0.030179
0.000000	0.000000
0.000000	0.030136
0.000000	0.000000
0.000000	0.030093
0.000000	0.000000
0.000000	0.030050
0.000000	0.000000
0.000000	0.030008
0.000000	0.000000
0.000000	0.029965
0.000000	0.000000
0.000000	0.029923
0.000000	0.000000
0.000000	0.029881
0.000000	0.000000
0.000000	0.029839
0.000000	0.000000
0.000000	0.029798
0.000000	0.000000
0.000000	0.029756
0.000000	0.000000
0.000000	0.029715
0.000000	0.000000
0.000000	0.029674
0.000000	0.000000
0.000000	0.029633
0.000000	0.000000
0.000000	0.029592
0.000000	0.000000
0.000000	0.029551
0.000000	0.000000
0.000000	0.029511
0.000000	0.000000
0.000000	0.029471
0.000000	0.000000
0.000000	0.029430
0.000000	0.000000
0.000000	0.029390
0.000000	0.000000
0.000000	0.029351
0.000000	0.000000
0.000000	0.029311
0.000000	0.000000
0.000000	0.029272
0.000000	0.000000
0.000000	0.029232
0.000000	0.000000
0.000000	0.029193
0.000000	0.000000
0.000000	0.029154
0.000000	0.000000
0.000000	0.029115
0.000000	0.000000
0.000000	0.029077
0.000000	0.000000
0.000000	0.029038
0.000000	0.000000
0.000000	0.029000
0.000000	0.000000
0.000000	0.028961
0.000000	0.000000
0.000000	0.028923
0.000000	0.000000
0.000000	0.028885
0.000000	0.000000
0.000000	0.028848
0.000000	0.000000
0.000000	0.028810
0.000000	0.000000
0.000000	0.028772
0.000000	0.000000
0.000000	0.028735
0.000000	0.000000
0.000000	0.028698
0.000000	0.000000
0.000000	0.028661
0.000000	0.000000
0.000000	0.028624
0.000000	0.000000
0.000000	0.028587
0.000000	0.000000
0.000000	0.028551
0.000000	0.000000
0.000000	0.028514
0.000000	0.000000
0.000000	0.028478
0.000000	0.000000
0.000000	0.028442
0.000000	0.000000
0.000000	0.028405
0.000000	0.000000
0.000000	0.028370
0.000000	0.000000
0.000000	0.028334
0.000000	0.000000
0.000000	0.028298
0.000000	0.000000
0.000000	0.028263
0.000000	0.000000
0.000000	0.028227
0.000000	0.000000
0.000000	0.028192
0.000000	0.000000
0.000000	0.028157
0.000000	0.000000
0.000000	0.028122
0.000000	0.000000
0.000000	0.028087
0.000000	0.000000
0.000000	0.028052
0.000000	0.000000
0.000000	0.028018
0.000000	0.000000
0.000000	0.027983
0.000000	0.000000
0.000000	0.027949
0.000000	0.000000
0.000000	0.027914
0.000000	0.000000
0.000000	0.027880
0.000000	0.000000
0.000000	0.027846
0.000000	0.000000
0.000000	0.027813
0.000000	0.000000
0.000000	0.027779
0.000000	0.000000
0.000000	0.027745
0.000000	0.000000
0.000000	0.027712
0.000000	0.000000
0.000000	0.027678
0.000000	0.000000
0.000000	0.027645
0.000000	0.000000
0.000000	0.027612
0.000000	0.000000
0.000000	0.027579
0.000000	0.000000
0.000000	0.027546
0.000000	0.000000
0.000000	0.027513
0.000000	0.000000
0.000000	0.027481
0.000000	0.000000
0.000000	0.027448
0.000000	0.000000
0.000000	0.027416
0.000000	0.000000
0.000000	0.027383
0.000000	0.000000
0.000000	0.027351
0.000000	0.000000
0.000000	0.027319
0.000000	0.000000
0.000000	0.027287
0.000000	0.000000
0.000000	0.027255
0.000000	0.000000
0.000000	0.027223
0.000000	0.000000
0.000000	0.027192
0.000000	0.000000
0.000000	0.027160
0.000000	0.000000
0.000000	0.027129
0.000000	0.000000
0.000000	0.027098
0.000000	0.000000
0.000000	0.027066
0.000000	0.000000
0.000000	0.027035
0.000000	0.000000
0.000000	0.027004
0.000000	0.000000
0.000000	0.026973
0.000000	0.000000
0.000000	0.026943
0.000000	0.000000
0.000000	0.026912
0.000000	0.000000
0.000000	0.026881
0.000000	0.000000
0.000000	0.026851
0.000000	0.000000
0.000000	0.026821
0.000000	0.000000
0.000000	0.026790
0.000000	0.000000
0.000000	0.026760
0.000000	0.000000
0.000000	0.026730
0.000000	0.000000
0.000000	0.026700
0.000000	0.000000
0.000000	0.026670
0.000000	0.000000
0.000000	0.026641
0.000000	0.000000
0.000000	0.026611
0.000000	0.000000
0.000000	0.026581
0.000000	0.000000
0.000000	0.026552
0.000000	0.000000
0.000000	0.026523
0.000000	0.000000
0.000000	0.026493
0.000000	0.000000
0.000000	0.026464
0.000000	0.000000
0.000000	0.026435
0.000000	0.000000
0.000000	0.026406
0.000000	0.000000
0.000000	0.026377
0.000000	0.000000
0.000000	0.026348
0.000000	0.000000
0.000000	0.026320
0.000000	0.000000
0.000000	0.026291
0.000000	0.000000
0.000000	0.026263
0.000000	0.000000
0.000000	0.026234
0.000000	0.000000
0.000000	0.026206
0.000000	0.000000
0.000000	0.026178
0.000000	0.000000
0.000000	0.026150
0.000000	0.000000
0.000000	0.026122
0.000000	0.000000
0.000000	0.026094
0.000000	0.000000
0.000000	0.026066
0.000000	0.000000
0.000000	0.026038
0.000000	0.000000
0.000000	0.026010
0.000000	0.000000
0.000000	0.025983
0.000000	0.000000
0.000000	0.025955
0.000000	0.000000
0.000000	0.025928
0.000000	0.000000
0.000000	0.025900
0.000000	0.000000
0.000000	0.025873
0.000000	0.000000
0.000000	0.025846
0.000000	0.000000
0.000000	0.025819
0.000000	0.000000
0.000000	0.025792
0.000000	0.000000
0.000000	0.025765
0.000000	0.000000
0.000000	0.025738
0.000000	0.000000
0.000000	0.025711
0.000000	0.000000
0.000000	0.025685
0.000000	0.000000
0.000000	0.025658
0.000000	0.000000
0.000000	0.025632
0.000000	0.000000
0.000000	0.025605
0.000000	0.000000
0.000000	0.025579
0.000000	0.000000
0.000000	0.025553
0.000000	0.000000
0.000000	0.025527
0.000000	0.000000
0.000000	0.025501
0.000000	0.000000
0.000000	0.025474
0.000000	0.000000
0.000000	0.025449
0.000000	0.000000
0.000000	0.025423
0.000000	0.000000
0.000000	0.025397
0.000000	0.000000
0.000000	0.025371
0.000000	0.000000
0.000000	0.025346
0.000000	0.000000
0.000000	0.025320
0.000000	0.000000
0.000000	0.025295
0.000000	0.000000
0.000000	0.025269
0.000000	0.000000
0.000000	0.025244
0.000000	0.000000
0.000000	0.025219
0.000000	0.000000
0.000000	0.025194
0.000000	0.000000
0.000000	0.025168
0.000000	0.000000
0.000000	0.025143
0.000000	0.000000
0.000000	0.025119
0.000000	0.000000
0.000000	0.025094
0.000000	0.000000
0.000000	0.025069
0.000000	0.000000
0.000000	0.025044
0.000000	0.000000
0.000000	0.025020
0.000000	0.000000
0.000000	0.024995
0.000000	0.000000
0.000000	0.024970
0.000000	0.000000
0.000000	0.024946
0.000000	0.000000
0.000000	0.024922
0.000000	0.000000
0.000000	0.024897
0.000000	0.000000
0.000000	0.024873
0.000000	0.000000
0.000000	0.024849
0.000000	0.000000
0.000000	0.024825
0.000000	0.000000
0.000000	0.024801
0.000000	0.000000
0.000000	0.024777
0.000000	0.000000
0.000000	0.024753
0.000000	0.000000
0.000000	0.024729
0.000000	0.000000
0.000000	0.024706
0.000000	0.000000
0.000000	0.024682
0.000000	0.000000
0.000000	0.024659
0.000000	0.000000
0.000000	0.024635
0.000000	0.000000
0.000000	0.024612
0.000000	0.000000
0.000000	0.024588
0.000000	0.000000
0.000000	0.024565
0.000000	0.000000
0.000000	0.024542
0.000000	0.000000
0.000000	0.024518
0.000000	0.000000
0.000000	0.024495
0.000000	0.000000
0.000000	0.024472
0.000000	0.000000
0.000000	0.024449
0.000000	0.000000
0.000000	0.024426
0.000000	0.000000
0.000000	0.024403
0.000000	0.000000
0.000000	0.024381
0.000000	0.000000
0.000000	0.024358
0.000000	0.000000
0.000000	0.024335
0.000000	0.000000
0.000000	0.024313
0.000000	0.000000
0.000000	0.024290
0.000000	0.000000
0.000000	0.024268
0.000000	0.000000
0.000000	0.024245
0.000000	0.000000
0.000000	0.024223
0.000000	0.000000
0.000000	0.024201
0.000000	0.000000
0.000000	0.024178
0.000000	0.000000
0.000000	0.024156
0.000000	0.000000
0.000000	0.024134
0.000000	0.000000
0.000000	0.024112
0.000000	0.000000
0.000000	0.024090
0.000000	0.000000
0.000000	0.024068
0.000000	0.000000
0.000000	0.024046
0.000000	0.000000
0.000000	0.024024
0.000000	0.000000
0.000000	0.024003
0.000000	0.000000
0.000000	0.023981
0.000000	0.000000
0.000000	0.023959
0.000000	0.000000
0.000000	0.023938
0.000000	0.000000
0.000000	0.023916
0.000000	0.000000
0.000000	0.023895
0.000000	0.000000
0.000000	0.023873
0.000000	0.000000
0.000000	0.023852
0.000000	0.000000
0.000000	0.023831
0.000000	0.000000
0.000000	0.023809
0.000000	0.000000
0.000000	0.023788
0.000000	0.000000
0.000000	0.023767
0.000000	0.000000
0.000000	0.023746
0.000000	0.000000
0.000000	0.023725
0.000000	0.000000
0.000000	0.023704
0.000000	0.000000
0.000000	0.023683
0.000000	0.000000
0.000000	0.023662
0.000000	0.000000
0.000000	0.023642
0.000000	0.000000
0.000000	0.023621
0.000000	0.000000
0.000000	0.023600
0.000000	0.000000
0.000000	0.023580
0.000000	0.000000
0.000000	0.023559
0.000000	0.000000
0.000000	0.023539
0.000000	0.000000
0.000000	0.023518
0.000000	0.000000
0.000000	0.023498
0.000000	0.000000
0.000000	0.023477
0.000000	0.000000
0.000000	0.023457
0.000000	0.000000
0.000000	0.023437
0.000000	0.000000
0.000000	0.023417
0.000000	0.000000
0.000000	0.023396
0.000000	0.000000
0.000000	0.023376
0.000000	0.000000
0.000000	0.023356
0.000000	0.000000
0.000000	0.023336
0.000000	0.000000
0.000000	0.023316
0.000000	0.000000
0.000000	0.023297
0.000000	0.000000
0.000000	0.023277
0.000000	0.000000
0.000000	0.023257
0.000000	0.000000
0.000000	0.023237
0.000000	0.000000
0.000000	0.023217
0.000000	0.000000
0.000000	0.023198
0.000000	0.000000
0.000000	0.023178
0.000000	0.000000
0.000000	0.023159
0.000000	0.000000
0.000000	0.023139
0.000000	0.000000
0.000000	0.023120
0.000000	0.000000
0.000000	0.023100
0.000000	0.000000
0.000000	0.023081
0.000000	0.000000
0.000000	0.023062
0.000000	0.000000
0.000000	0.023043
0.000000	0.000000
0.000000	0.023023
0.000000	0.000000
0.000000	0.023004
0.000000	0.000000
0.000000	0.022985
0.000000	0.000000
0.000000	0.022966
0.000000	0.000000
0.000000	0.022947
0.000000	0.000000
0.000000	0.022928
0.000000	0.000000
0.000000	0.022909
0.000000	0.000000
0.000000	0.022890
0.000000	0.000000
0.000000	0.022872
0.000000	0.000000
0.000000	0.022853
0.000000	0.000000
0.000000	0.022834
0.000000	0.000000
0.000000	0.022815
0.000000	0.000000
0.000000	0.022797
0.000000	0.000000
0.000000	0.022778
0.000000	0.000000
0.000000	0.022760
0.000000	0.000000
0.000000	0.022741
0.000000	0.000000
0.000000	0.022723
0.000000	0.000000
0.000000	0.022704
0.000000	0.000000
0.000000	0.022686
0.000000	0.000000
0.000000	0.022668
0.000000	0.000000
0.000000	0.022649
0.000000	0.000000
0.000000	0.022631
0.000000	0.000000
0.000000	0.022613
0.000000	0.000000
0.000000	0.022595
0.000000	0.000000
0.000000	0.022577
0.000000	0.000000
0.000000	0.022559
0.000000	0.000000
0.000000	0.022541
0.000000	0.000000
0.000000	0.022523
0.000000	0.000000
0.000000	0.022505
0.000000	0.000000
0.000000	0.022487
0.000000	0.000000
0.000000	0.022469
0.000000	0.000000
0.000000	0.022451
0.000000	0.000000
0.000000	0.022433
0.000000	0.000000
0.000000	0.022416
0.000000	0.000000
0.000000	0.022398
0.000000	0.000000
0.000000	0.022380
0.000000	0.000000
0.000000	0.022363
0.000000	0.000000
0.000000	0.022345
0.000000	0.000000
0.000000	0.022328
0.000000	0.000000
0.000000	0.022310
0.000000	0.000000
0.000000	0.022293
0.000000	0.000000
0.000000	0.022275
0.000000	0.000000
0.000000	0.022258
0.000000	0.000000
0.000000	0.022241
0.000000	0.000000
0.000000	0.022224
0.000000	0.000000
0.000000	0.022206
0.000000	0.000000
0.000000	0.022189
0.000000	0.000000
0.000000	0.022172
0.000000	0.000000
0.000000	0.022155
0.000000	0.000000
0.000000	0.022138
0.000000	0.000000
0.000000	0.022121
0.000000	0.000000
0.000000	0.022104
0.000000	0.000000
0.000000	0.022087
0.000000	0.000000
0.000000	0.022070
0.000000	0.000000
0.000000	0.022053
0.000000	0.000000
0.000000	0.022036
0.000000	0.000000
0.000000	0.022020
0.000000	0.000000
0.000000	0.022003
0.000000	0.000000
0.000000	0.021986
0.000000	0.000000
0.000000	0.021969
0.000000	0.000000
0.000000	0.021953
0.000000	0.000000
0.000000	0.021936
0.000000	0.000000
0.000000	0.021920
0.000000	0.000000
0.000000	0.021903
0.000000	0.000000
0.000000	0.021887
0.000000	0.000000
0.000000	0.021870
0.000000	0.000000
0.000000	0.021854
0.000000	0.000000
0.000000	0.021837
0.000000	0.000000
0.000000	0.021821
0.000000	0.000000
0.000000	0.021805
0.000000	0.000000
0.000000	0.021788
0.000000	0.000000
0.000000	0.021772
0.000000	0.000000
0.000000	0.021756
0.000000	0.000000
0.000000	0.021740
0.000000	0.000000
0.000000	0.021724
0.000000	0.000000
0.000000	0.021708
0.000000	0.000000
0.000000	0.021692
0.000000	0.000000
0.000000	0.021676
0.000000	0.000000
0.000000	0.021660
0.000000	0.000000
0.000000	0.021644
0.000000	0.000000
0.000000	0.021628
0.000000	0.000000
0.000000	0.021612
0.000000	0.000000
0.000000	0.021596
0.000000	0.000000
0.000000	0.021580
0.000000	0.000000
0.000000	0.021564
0.000000	0.000000
0.000000	0.021549
0.000000	0.000000
0.000000	0.021533
0.000000	0.000000
0.000000	0.021517
0.000000	0.000000
0.000000	0.021502
0.000000	0.000000
0.000000	0.021486
0.000000	0.000000
0.000000	0.021471
0.000000	0.000000
0.000000	0.021455
0.000000	0.000000
0.000000	0.021440
0.000000	0.000000
0.000000	0.021424
0.000000	0.000000
0.000000	0.021409
0.000000	0.000000
0.000000	0.021393
0.000000	0.000000
0.000000	0.021378
0.000000	0.000000
0.000000	0.021363
0.000000	0.000000
0.000000	0.021347
0.000000	0.000000
0.000000	0.021332
0.000000	0.000000
0.000000	0.021317
0.000000	0.000000
0.000000	0.021302
0.000000	0.000000
0.000000	0.021286
0.000000	0.000000
0.000000	0.021271
0.000000	0.000000
0.000000	0.021256
0.000000	0.000000
0.000000	0.021241
0.000000	0.000000
0.000000	0.021226
0.000000	0.000000
0.000000	0.021211
0.000000	0.000000
0.000000	0.021196
0.000000	0.000000
0.000000	0.021181
0.000000	0.000000
0.000000	0.021166
0.000000	0.000000
0.000000	0.021151
0.000000	0.000000
0.000000	0.021136
0.000000	0.000000
0.000000	0.021122
0.000000	0.000000
0.000000	0.021107
0.000000	0.000000
0.000000	0.021092
0.000000	0.000000
0.000000	0.021077
0.000000	0.000000
0.000000	0.021063
0.000000	0.000000
0.000000	0.021048
0.000000	0.000000
0.000000	0.021033
0.000000	0.000000
0.000000	0.021019
0.000000	0.000000
0.000000	0.021004
0.000000	0.000000
0.000000	0.020990
0.000000	0.000000
0.000000	0.020975
0.000000	0.000000
0.000000	0.020961
0.000000	0.000000
0.000000	0.020946
0.000000	0.000000
0.000000	0.020932
0.000000	0.000000
0.000000	0.020917
0.000000	0.000000
0.000000	0.020903
0.000000	0.000000
0.000000	0.020889
0.000000	0.000000
0.000000	0.020874
0.000000	0.000000
0.000000	0.020860
0.000000	0.000000
0.000000	0.020846
0.000000	0.000000
0.000000	0.020832
0.000000	0.000000
0.000000	0.020818
0.000000	0.000000
0.000000	0.020803
0.000000	0.000000
0.000000	0.020789
0.000000	0.000000
0.000000	0.020775
0.000000	0.000000
0.000000	0.020761
0.000000	0.000000
0.000000	0.020747
0.000000	0.000000
0.000000	0.020733
0.000000	0.000000
0.000000	0.020719
0.000000	0.000000
0.000000	0.020705
0.000000	0.000000
0.000000	0.020691
0.000000	0.000000
0.000000	0.020677
0.000000	0.000000
0.000000	0.020663
0.000000	0.000000
0.000000	0.020650
0.000000	0.000000
0.000000	0.020636
0.000000	0.000000
0.000000	0.020622
0.000000	0.000000
0.000000	0.020608
0.000000	0.000000
0.000000	0.020594
0.000000	0.000000
0.000000	0.020581
0.000000	0.000000
0.000000	0.020567
0.000000	0.000000
0.000000	0.020553
0.000000	0.000000
0.000000	0.020540
0.000000	0.000000
0.000000	0.020526
0.000000	0.000000
0.000000	0.020513
0.000000	0.000000
0.000000	0.020499
0.000000	0.000000
0.000000	0.020486
0.000000	0.000000
0.000000	0.020472
0.000000	0.000000
0.000000	0.020459
0.000000	0.000000
0.000000	0.020445
0.000000	0.000000
0.000000	0.020432
0.000000	0.000000
0.000000	0.020418
0.000000	0.000000
0.000000	0.020405
0.000000	0.000000
0.000000	0.020392
0.000000	0.000000
0.000000	0.020378
0.000000	0.000000
0.000000	0.020365
0.000000	0.000000
0.000000	0.020352
0.000000	0.000000
0.000000	0.020339
0.000000	0.000000
0.000000	0.020325
0.000000	0.000000
0.000000	0.020312
0.000000	0.000000
0.000000	0.020299
0.000000	0.000000
0.000000	0.020286
0.000000	0.000000
0.000000	0.020273
0.000000	0.000000
0.000000	0.020260
0.000000	0.000000
0.000000	0.020247
0.000000	0.000000
0.000000	0.020234
0.000000	0.000000
0.000000	0.020221
0.000000	0.000000
0.000000	0.020208
0.000000	0.000000
0.000000	0.020195
0.000000	0.000000
0.000000	0.020182
0.000000	0.000000
0.000000	0.020169
0.000000	0.000000
0.000000	0.020156
0.000000	0.000000
0.000000	0.020143
0.000000	0.000000
0.000000	0.020130
0.000000	0.000000
0.000000	0.020118
0.000000	0.000000
0.000000	0.020105
0.000000	0.000000
0.000000	0.020092
0.000000	0.000000
0.000000	0.020079
0.000000	0.000000
0.000000	0.020067
0.000000	0.000000
0.000000	0.020054
0.000000	0.000000
0.000000	0.020041
0.000000	0.000000
0.000000	0.020029
0.000000	0.000000
0.000000	0.020016
0.000000	0.000000
0.000000	0.020003
0.000000	0.000000
0.000000	0.019991
0.000000	0.000000
0.000000	0.019978
0.000000	0.000000
0.000000	0.019966
0.000000	0.000000
0.000000	0.019953
0.000000	0.000000
0.000000	0.019941
0.000000	0.000000
0.000000	0.019928
0.000000	0.000000
0.000000	0.019916
0.000000	0.000000
0.000000	0.019904
0.000000	0.000000
0.000000	0.019891
0.000000	0.000000
0.000000	0.019879
0.000000	0.000000
0.000000	0.019867
0.000000	0.000000
0.000000	0.019854
0.000000	0.000000
0.000000	0.019842
0.000000	0.000000
0.000000	0.019830
0.000000	0.000000
0.000000	0.019817
0.000000	0.000000
0.000000	0.019805
0.000000	0.000000
0.000000	0.019793
0.000000	0.000000
0.000000	0.019781
0.000000	0.000000
0.000000	0.019769
0.000000	0.000000
0.000000	0.019757
0.000000	0.000000
0.000000	0.019745
0.000000	0.000000
0.000000	0.019732
0.000000	0.000000
0.000000	0.019720
0.000000	0.000000
0.000000	0.019708
0.000000	0.000000
0.000000	0.019696
0.000000	0.000000
0.000000	0.019684
0.000000	0.000000
0.000000	0.019672
0.000000	0.000000
0.000000	0.019660
0.000000	0.000000
0.000000	0.019649
0.000000	0.000000
0.000000	0.019637
0.000000	0.000000
0.000000	0.019625
0.000000	0.000000
0.000000	0.019613
0.000000	0.000000
0.000000	0.019601
0.000000	0.000000
0.000000	0.019589
0.000000	0.000000
0.000000	0.019577
0.000000	0.000000
0.000000	0.019566
0.000000	0.000000
0.000000	0.019554
0.000000	0.000000
0.000000	0.019542
0.000000	0.000000
0.000000	0.019530
0.000000	0.000000
0.000000	0.019519
0.000000	0.000000
0.000000	0.019507
0.000000	0.000000
0.000000	0.019495
0.000000	0.000000
0.000000	0.019484
0.000000	0.000000
0.000000	0.019472
0.000000	0.000000
0.000000	0.019461
0.000000	0.000000
0.000000	0.019449
0.000000	0.000000
0.000000	0.019437
0.000000	0.000000
0.000000	0.019426
0.000000	0.000000
0.000000	0.019414
0.000000	0.000000
0.000000	0.019403
0.000000	0.000000
0.000000	0.019392
0.000000	0.000000
0.000000	0.019380
0.000000	0.000000
0.000000	0.019369
0.000000	0.000000
0.000000	0.019357
0.000000	0.000000
0.000000	0.019346
0.000000	0.000000
0.000000	0.019334
0.000000	0.000000
0.000000	0.019323
0.000000	0.000000
0.000000	0.019312
0.000000	0.000000
0.000000	0.019301
0.000000	0.000000
0.000000	0.019289
0.000000	0.000000
0.000000	0.019278
0.000000	0.000000
0.000000	0.019267
0.000000	0.000000
0.000000	0.019256
0.000000	0.000000
0.000000	0.019244
0.000000	0.000000
0.000000	0.019233
0.000000	0.000000
0.000000	0.019222
0.000000	0.000000
0.000000	0.019211
0.000000	0.000000
0.000000	0.019200
0.000000	0.000000
0.000000	0.019189
0.000000	0.000000
0.000000	0.019177
0.000000	0.000000
0.000000	0.019166
0.000000	0.000000
0.000000	0.019155
0.000000	0.000000
0.000000	0.019144
0.000000	0.000000
0.000000	0.019133
0.000000	0.000000
0.000000	0.019122
0.000000	0.000000
0.000000	0.019111
0.000000	0.000000
0.000000	0.019100
0.000000	0.000000
0.000000	0.019089
0.000000	0.000000
0.000000	0.019079
0.000000	0.000000
0.000000	0.019068
0.000000	0.000000
0.000000	0.019057
0.000000	0.000000
0.000000	0.019046
0.000000	0.000000
0.000000	0.019035
0.000000	0.000000
0.000000	0.019024
0.000000	0.000000
0.000000	0.019013
0.000000	0.000000
0.000000	0.019003
0.000000	0.000000
0.000000	0.018992
0.000000	0.000000
0.000000	0.018981
0.000000	0.000000
0.000000	0.018970
0.000000	0.000000
0.000000	0.018960
0.000000	0.000000
0.000000	0.018949
0.000000	0.000000
0.000000	0.018938
0.000000	0.000000
0.000000	0.018928
0.000000	0.000000
0.000000	0.018917
0.000000	0.000000
0.000000	0.018906
0.000000	0.000000
0.000000	0.018896
0.000000	0.000000
0.000000	0.018885
0.000000	0.000000
0.000000	0.018875
0.000000	0.000000
0.000000	0.018864
0.000000	0.000000
0.000000	0.018854
0.000000	0.000000
0.000000	0.018843
0.000000	0.000000
0.000000	0.018832
0.000000	0.000000
0.000000	0.018822
0.000000	0.000000
0.000000	0.018812
0.000000	0.000000
0.000000	0.018801
0.000000	0.000000
0.000000	0.018791
0.000000	0.000000
0.000000	0.018780
0.000000	0.000000
0.000000	0.018770
0.000000	0.000000
0.000000	0.018759
0.000000	0.000000
0.000000	0.018749
0.000000	0.000000
0.000000	0.018739
0.000000	0.000000
0.000000	0.018728
0.000000	0.000000
0.000000	0.018718
0.000000	0.000000
0.000000	0.018708
0.000000	0.000000
0.000000	0.018698
0.000000	0.000000
0.000000	0.018687
0.000000	0.000000
0.000000	0.018677
0.000000	0.000000
0.000000	0.018667
0.000000	0.000000
0.000000	0.018657
0.000000	0.000000
0.000000	0.018646
0.000000	0.000000
0.000000	0.018636
0.000000	0.000000
0.000000	0.018626
0.000000	0.000000
0.000000	0.018616
0.000000	0.000000
0.000000	0.018606
0.000000	0.000000
0.000000	0.018596
0.000000	0.000000
0.000000	0.018586
0.000000	0.000000
0.000000	0.018576
0.000000	0.000000
0.000000	0.018565
0.000000	0.000000
0.000000	0.018555
0.000000	0.000000
0.000000	0.018545
0.000000	0.000000
0.000000	0.018535
0.000000	0.000000
0.000000	0.018525
0.000000	0.000000
0.000000	0.018515
0.000000	0.000000
0.000000	0.018505
0.000000	0.000000
0.000000	0.018496
0.000000	0.000000
0.000000	0.018486
0.000000	0.000000
0.000000	0.018476
0.000000	0.000000
0.000000	0.018466
0.000000	0.000000
0.000000	0.018456
0.000000	0.000000
0.000000	0.018446
0.000000	0.000000
0.000000	0.018436
0.000000	0.000000
0.000000	0.018426
0.000000	0.000000
0.000000	0.018417
0.000000	0.000000
0.000000	0.018407
0.000000	0.000000
0.000000	0.018397
0.000000	0.000000
0.000000	0.018387
0.000000	0.000000
0.000000	0.018377
0.000000	0.000000
0.000000	0.018368
0.000000	0.000000
0.000000	0.018358
0.000000	0.000000
0.000000	0.018348
0.000000	0.000000
0.000000	0.018339
0.000000	0.000000
0.000000	0.018329
0.000000	0.000000
0.000000	0.018319
0.000000	0.000000
0.000000	0.018310
0.000000	0.000000
0.000000	0.018300
0.000000	0.000000
0.000000	0.018290
0.000000	0.000000
0.000000	0.018281
0.000000	0.000000
0.000000	0.018271
0.000000	0.000000
0.000000	0.018262
0.000000	0.000000
0.000000	0.018252
0.000000	0.000000
0.000000	0.018242
0.000000	0.000000
0.000000	0.018233
0.000000	0.000000
0.000000	0.018223
0.000000	0.000000
0.000000	0.018214
0.000000	0.000000
0.000000	0.018204
0.000000	0.000000
0.000000	0.018195
0.000000	0.000000
0.000000	0.018185
0.000000	0.000000
0.000000	0.018176
0.000000	0.000000
0.000000	0.018167
0.000000	0.000000
0.000000	0.018157
0.000000	0.000000
0.000000	0.018148
0.000000	0.000000
0.000000	0.018138
0.000000	0.000000
0.000000	0.018129
0.000000	0.000000
0.000000	0.018120
0.000000	0.000000
0.000000	0.018110
0.000000	0.000000
0.000000	0.018101
0.000000	0.000000
0.000000	0.018092
0.000000	0.000000
0.000000	0.018082
0.000000	0.000000
0.000000	0.018073
0.000000	0.000000
0.000000	0.018064
0.000000	0.000000
0.000000	0.018055
0.000000	0.000000
0.000000	0.018045
0.000000	0.000000
0.000000	0.018036
0.000000	0.000000
0.000000	0.018027
0.000000	0.000000
0.000000	0.018018
0.000000	0.000000
0.000000	0.018009
0.000000	0.000000
0.000000	0.017999
0.000000	0.000000
0.000000	0.017990
0.000000	0.000000
0.000000	0.017981
0.000000	0.000000
0.000000	0.017972
0.000000	0.000000
0.000000	0.017963
0.000000	0.000000
0.000000	0.017954
0.000000	0.000000
0.000000	0.017945
0.000000	0.000000
0.000000	0.017936
0.000000	0.000000
0.000000	0.017927
0.000000	0.000000
0.000000	0.017918
0.000000	0.000000
0.000000	0.017909
0.000000	0.000000
0.000000	0.017900
0.000000	0.000000
0.000000	0.017891
0.000000	0.000000
0.000000	0.017882
0.000000	0.000000
0.000000	0.017873
0.000000	0.000000
0.000000	0.017864
0.000000	0.000000
0.000000	0.017855
0.000000	0.000000
0.000000	0.017846
0.000000	0.000000
0.000000	0.017837
0.000000	0.000000
0.000000	0.017828
0.000000	0.000000
0.000000	0.017819
0.000000	0.000000
0.000000	0.017810
0.000000	0.000000
0.000000	0.017801
0.000000	0.000000
0.000000	0.017792
0.000000	0.000000
0.000000	0.017784
0.000000	0.000000
0.000000	0.017775
0.000000	0.000000
0.000000	0.017766
0.000000	0.000000
0.000000	0.017757
0.000000	0.000000
0.000000	0.017748
0.000000	0.000000
0.000000	0.017740
0.000000	0.000000
0.000000	0.017731
0.000000	0.000000
0.000000	0.017722
0.000000	0.000000
0.000000	0.017713
0.000000	0.000000
0.000000	0.017705
0.000000	0.000000
0.000000	0.017696
0.000000	0.000000
0.000000	0.017687
0.000000	0.000000
0.000000	0.017678
0.000000	0.000000
0.000000	0.017670
0.000000	0.000000
0.000000	0.017661
0.000000	0.000000
0.000000	0.017652
0.000000	0.000000
0.000000	0.017644
0.000000	0.000000
0.000000	0.017635
