4096
0.000000	0.000000
0.162380	0.121181
0.062109	0.134239
0.035087	-0.057595
0.019162	0.049711
0.002290	-0.015144
0.050003	-0.006389
-0.017683	0.003981
0.003847	-0.000770
0.017706	-0.012665
0.002123	0.018718
0.002409	-0.017802
0.015985	0.010014
-0.009882	-0.020180
0.023513	0.006831
-0.020894	-0.001106
0.014567	-0.009476
-0.008968	-0.006318
0.008466	0.001516
-0.001435	-0.006389
0.006276	-0.004417
-0.005895	-0.006808
0.011753	0.003740
-0.011957	-0.005655
0.012239	-0.004231
-0.010608	0.002433
0.006371	-0.006182
-0.005362	0.001208
-0.000515	0.005050
-0.000915	-0.004750
0.006307	0.001425
-0.008339	-0.000883
0.008238	-0.000520
-0.008281	0.001299
0.003664	-0.006318
-0.000984	0.005372
0.000876	-0.005313
-0.003983	-0.000611
0.002880	0.001626
-0.004432	0.000236
0.004209	0.001221
-0.005200	-0.000201
0.004474	-0.002203
-0.003857	0.003068
0.000894	0.004790
-0.003120	0.001683
0.003329	0.001100
-0.002796	-0.001017
0.002550	0.001078
-0.000727	-0.002556
0.002090	0.000648
-0.002307	-0.000824
0.002002	0.001371
-0.002017	-0.001167
0.001679	0.001585
-0.000722	-0.001698
0.001040	0.001505
-0.001169	-0.001169
0.002089	-0.000167
-0.001722	0.002239
0.001888	-0.002664
-0.003238	-0.000067
0.001509	-0.002949
-0.000772	0.003195
-0.001109	-0.003066
-0.003273	0.000651
0.003290	-0.000378
-0.004159	-0.000599
-0.002891	-0.003006
-0.000705	-0.004080
0.001915	-0.003637
-0.003575	0.001970
0.002956	-0.002956
-0.003724	0.001835
0.003995	0.001022
-0.004082	-0.000336
0.002414	0.002074
-0.002768	-0.001529
0.002072	0.001979
0.000725	-0.002034
0.000493	-0.002089
-0.002010	0.000715
0.001433	0.001209
0.001595	-0.000417
0.000752	0.001456
-0.001411	-0.000815
0.001222	-0.001063
-0.001610	-0.000046
-0.001047	0.001212
-0.000459	0.001378
0.001413	0.000296
-0.000571	-0.001318
-0.000047	0.001427
0.000908	0.001093
-0.001162	-0.000804
-0.000227	-0.001432
-0.000032	0.001442
-0.000917	0.001103
-0.000789	-0.001189
-0.001420	-0.000018
0.000620	0.001270
-0.001393	0.000543
0.001292	0.000738
0.001435	0.000364
-0.000620	0.001337
0.000804	-0.001226
0.000733	-0.001262
0.000545	0.001346
0.000765	-0.001227
-0.000938	0.001091
0.000044	-0.001432
-0.001227	0.000726
0.000831	0.001152
-0.001217	-0.000719
0.001380	0.000275
-0.000649	-0.001242
0.000590	-0.001264
-0.001385	0.000107
-0.001382	-0.000056
0.000688	-0.001052
-0.001163	0.000460
0.000168	0.001235
0.000720	-0.001010
-0.001145	0.000464
-0.000196	0.001215
0.001168	0.000372
0.000299	0.001184
-0.000656	0.001024
0.000271	-0.001181
0.001027	-0.000128
-0.000458	0.000924
-0.000938	-0.000419
0.000714	-0.000733
-0.000543	0.000863
0.000960	-0.000332
0.000970	-0.000288
-0.000695	0.000645
0.000334	-0.000884
0.000580	0.000741
0.000675	0.000651
-0.000158	-0.000921
0.000101	0.000926
-0.000545	-0.000751
0.000598	-0.000705
-0.000718	0.000577
-0.000837	-0.000378
0.000900	0.000166
-0.000907	-0.000100
-0.000656	0.000629
0.000864	-0.000272
-0.000868	0.000249
0.000303	0.000818
-0.000673	-0.000552
-0.000221	0.000838
0.000769	0.000395
0.000857	0.000086
-0.000264	-0.000817
0.000024	0.000856
0.000601	-0.000606
-0.000841	0.000129
0.000421	0.000736
-0.000162	-0.000830
0.000794	0.000281
-0.000836	-0.000079
-0.000707	-0.000449
0.000798	-0.000248
0.000186	0.000811
-0.000830	-0.000000
0.000058	-0.000826
0.000663	0.000491
-0.000695	-0.000440
-0.000539	-0.000619
-0.000436	0.000692
-0.000802	-0.000149
0.000597	0.000552
-0.000102	0.000805
-0.000199	-0.000784
0.000676	0.000439
0.000172	-0.000786
0.000326	-0.000733
-0.000791	0.000117
-0.000727	-0.000327
0.000776	0.000173
0.000175	0.000774
-0.000558	-0.000458
-0.000265	-0.000669
0.000262	0.000668
0.000621	0.000355
-0.000702	-0.000130
0.000707	0.000083
0.000593	-0.000391
-0.000568	0.000423
0.000258	-0.000657
-0.000576	-0.000406
-0.000701	0.000041
-0.000701	0.000016
-0.000678	0.000172
-0.000697	-0.000026
0.000454	0.000526
-0.000619	0.000313
0.000064	0.000689
0.000684	-0.000096
0.000234	0.000648
0.000163	0.000667
-0.000557	-0.000400
0.000467	0.000499
0.000637	0.000242
-0.000572	0.000368
0.000622	-0.000272
0.000019	-0.000677
0.000268	0.000620
-0.000090	-0.000668
-0.000601	-0.000301
0.000658	0.000132
-0.000641	-0.000191
-0.000472	0.000472
0.000366	-0.000556
-0.000169	0.000643
0.000043	-0.000661
-0.000340	0.000567
0.000290	0.000593
-0.000428	-0.000500
0.000490	0.000437
-0.000622	0.000207
-0.000654	0.000014
0.000645	-0.000098
-0.000371	0.000535
-0.000241	0.000603
-0.000522	-0.000385
0.000539	0.000357
-0.000044	-0.000644
-0.000574	0.000291
0.000613	-0.000194
-0.000433	0.000473
0.000382	0.000514
0.000312	-0.000557
0.000382	0.000510
-0.000361	-0.000523
0.000083	-0.000629
0.000533	0.000342
-0.000632	-0.000000
0.000164	-0.000609
0.000545	0.000314
-0.000524	0.000347
-0.000152	-0.000608
0.000617	0.000103
-0.000257	0.000398
-0.000303	-0.000363
0.000459	-0.000107
-0.000081	0.000464
-0.000402	-0.000243
0.000319	-0.000203
0.000039	0.000375
-0.000350	-0.000138
0.000273	-0.000258
0.000089	0.000365
-0.000364	-0.000087
0.000199	-0.000214
0.000081	0.000280
-0.000286	-0.000054
0.000183	-0.000226
0.000104	0.000271
-0.000287	-0.000035
0.000166	-0.000237
0.000121	0.000262
-0.000288	-0.000012
0.000150	-0.000245
0.000141	0.000250
-0.000286	0.000012
0.000126	-0.000256
0.000156	0.000238
-0.000283	0.000031
0.000104	-0.000264
0.000176	0.000222
-0.000211	0.000038
0.000066	-0.000204
0.000145	0.000157
-0.000206	0.000055
0.000048	-0.000208
0.000155	0.000146
-0.000198	0.000076
0.000030	-0.000210
0.000168	0.000129
-0.000191	0.000091
0.000009	-0.000211
0.000177	0.000115
-0.000184	0.000102
-0.000006	-0.000210
0.000186	0.000097
-0.000172	0.000119
-0.000024	-0.000207
0.000192	0.000081
-0.000161	0.000132
-0.000042	-0.000203
0.000196	0.000066
-0.000148	0.000145
-0.000064	-0.000197
0.000201	0.000044
-0.000135	0.000156
-0.000076	-0.000191
0.000204	0.000027
-0.000120	0.000166
-0.000093	-0.000182
0.000204	0.000009
-0.000108	0.000180
-0.000107	-0.000181
0.000210	-0.000006
-0.000094	0.000187
-0.000128	-0.000165
0.000207	-0.000028
-0.000077	0.000194
-0.000140	-0.000154
0.000202	-0.000047
-0.000056	0.000200
-0.000151	-0.000141
0.000197	-0.000063
-0.000037	0.000203
-0.000165	-0.000124
0.000191	-0.000076
-0.000017	0.000205
-0.000174	-0.000109
0.000179	-0.000100
-0.000000	0.000204
-0.000182	-0.000091
0.000169	-0.000114
0.000017	0.000203
-0.000188	-0.000077
0.000155	-0.000131
0.000033	0.000200
-0.000193	-0.000061
0.000144	-0.000141
0.000054	0.000194
-0.000197	-0.000041
0.000133	-0.000151
0.000069	0.000189
-0.000199	-0.000021
0.000117	-0.000163
0.000085	0.000181
-0.000199	-0.000007
0.000096	-0.000174
0.000102	0.000171
-0.000198	0.000014
0.000083	-0.000180
0.000118	0.000159
-0.000195	0.000030
0.000068	-0.000185
0.000128	0.000150
-0.000190	0.000052
0.000046	-0.000191
0.000141	0.000137
-0.000186	0.000063
0.000026	-0.000194
0.000153	0.000121
-0.000179	0.000077
0.000011	-0.000195
0.000162	0.000108
-0.000168	0.000098
-0.000004	-0.000194
0.000169	0.000095
-0.000158	0.000112
-0.000024	-0.000192
0.000175	0.000081
-0.000148	0.000123
-0.000046	-0.000187
0.000182	0.000062
-0.000136	0.000136
-0.000062	-0.000181
0.000187	0.000040
-0.000121	0.000148
-0.000072	-0.000177
0.000189	0.000028
-0.000103	0.000160
-0.000089	-0.000168
0.000190	0.000009
-0.000094	0.000165
-0.000106	-0.000157
0.000189	-0.000009
-0.000079	0.000172
-0.000121	-0.000145
0.000187	-0.000023
-0.000061	0.000178
-0.000135	-0.000131
0.000183	-0.000042
-0.000042	0.000183
-0.000143	-0.000120
0.000177	-0.000061
-0.000028	0.000185
-0.000177	-0.000115
0.000193	-0.000084
-0.000016	0.000210
-0.000185	-0.000100
0.000181	-0.000106
-0.000000	0.000209
-0.000192	-0.000083
0.000170	-0.000122
0.000027	0.000207
-0.000197	-0.000067
0.000157	-0.000136
0.000042	0.000204
-0.000202	-0.000047
0.000141	-0.000152
0.000054	0.000200
-0.000205	-0.000027
0.000123	-0.000166
0.000070	0.000194
-0.000206	-0.000005
0.000103	-0.000178
0.000088	0.000186
-0.000205	0.000011
0.000087	-0.000186
0.000102	0.000178
-0.000203	0.000027
0.000076	-0.000190
0.000118	0.000166
-0.000198	0.000048
0.000054	-0.000196
0.000130	0.000157
-0.000190	0.000071
0.000032	-0.000200
0.000141	0.000146
-0.000185	0.000082
0.000005	-0.000202
0.000153	0.000131
-0.000177	0.000097
-0.000022	-0.000200
0.000158	0.000125
-0.000166	0.000113
-0.000049	-0.000195
0.000164	0.000115
-0.000152	0.000130
-0.000081	-0.000183
0.000168	0.000108
-0.000141	0.000141
-0.000104	-0.000170
0.000170	0.000104
-0.000120	0.000158
-0.000129	-0.000151
0.000169	0.000104
-0.000097	0.000173
-0.000158	-0.000120
0.000166	0.000107
-0.000075	0.000183
-0.000190	-0.000054
0.000166	0.000107
-0.000054	0.000189
-0.000195	0.000027
0.000161	0.000113
-0.000027	0.000194
-0.000154	0.000121
0.000151	0.000124
0.000016	0.000195
-0.000060	0.000186
0.000155	0.000118
0.000054	0.000187
0.000038	0.000191
0.000158	0.000114
0.000091	0.000172
0.000101	0.000165
0.000168	0.000097
0.000125	0.000148
0.000142	0.000131
0.000175	0.000082
0.000155	0.000115
0.000166	0.000098
0.000182	0.000063
0.000172	0.000086
0.000193	0.000068
0.000201	0.000037
0.000196	0.000055
0.000200	0.000036
0.000203	0.000018
0.000202	0.000018
0.000203	0.000006
0.000203	-0.000006
0.000203	-0.000006
0.000202	-0.000012
0.000201	-0.000024
0.000201	-0.000024
0.000200	-0.000027
0.000199	-0.000033
0.000199	-0.000033
0.000197	-0.000041
0.000197	-0.000041
0.000197	-0.000041
0.000196	-0.000041
0.000196	-0.000041
0.000196	-0.000041
0.000196	-0.000041
0.000196	-0.000040
0.000197	-0.000034
0.000196	-0.000034
0.000195	-0.000040
0.000196	-0.000034
0.000196	-0.000034
0.000196	-0.000034
0.000195	-0.000034
0.000196	-0.000027
0.000196	-0.000027
0.000196	-0.000027
0.000196	-0.000027
0.000195	-0.000027
0.000196	-0.000020
0.000196	-0.000021
0.000196	-0.000021
0.000195	-0.000021
0.000196	-0.000014
0.000195	-0.000021
0.000195	-0.000021
0.000195	-0.000014
0.000195	-0.000014
0.000195	-0.000014
0.000194	-0.000021
0.000194	-0.000014
0.000194	-0.000014
0.000194	-0.000014
0.000194	-0.000014
0.000194	-0.000014
0.000194	-0.000007
0.000193	-0.000014
0.000193	-0.000014
0.000193	-0.000007
0.000193	-0.000007
0.000193	-0.000007
0.000192	-0.000014
0.000193	-0.000007
0.000193	-0.000000
0.000192	-0.000007
0.000192	-0.000007
0.000192	-0.000007
0.000192	-0.000000
0.000192	-0.000007
0.000191	-0.000007
0.000191	-0.000007
0.000191	0.000000
0.000191	-0.000000
0.000191	-0.000007
0.000191	-0.000000
0.000190	0.000000
0.000190	-0.000000
0.000190	-0.000007
0.000190	-0.000000
0.000190	0.000000
0.000190	0.000000
0.000189	-0.000007
0.000189	0.000000
0.000189	0.000007
0.000189	0.000000
0.000189	-0.000000
0.000188	0.000000
0.000188	0.000007
0.000188	0.000000
0.000188	-0.000000
0.000188	0.000000
0.000187	0.000007
0.000187	0.000000
0.000187	-0.000000
0.000187	0.000000
0.000187	0.000008
0.000187	0.000008
0.000187	0.000000
0.000186	0.000008
0.000114	0.000005
0.000114	0.000005
0.000114	0.000000
0.000114	0.000005
0.000113	0.000005
0.000113	0.000005
0.000113	0.000000
0.000113	0.000005
0.000113	0.000005
0.000113	0.000005
0.000113	0.000000
0.000113	0.000005
0.000113	0.000005
0.000113	0.000005
0.000113	0.000000
0.000112	0.000005
0.000112	0.000005
0.000112	0.000005
0.000112	0.000000
0.000112	0.000005
0.000112	0.000010
0.000112	0.000005
0.000112	0.000005
0.000112	0.000005
0.000112	0.000005
0.000111	0.000005
0.000111	0.000005
0.000111	0.000005
0.000111	0.000010
0.000111	0.000005
0.000111	0.000005
0.000111	0.000005
0.000110	0.000010
0.000111	0.000005
0.000111	0.000005
0.000110	0.000005
0.000110	0.000010
0.000110	0.000005
0.000110	0.000005
0.000110	0.000005
0.000110	0.000010
0.000110	0.000005
0.000110	0.000005
0.000110	0.000005
0.000109	0.000010
0.000110	0.000005
0.000109	0.000005
0.000109	0.000005
0.000083	0.000008
0.000083	0.000004
0.000083	0.000004
0.000083	0.000004
0.000082	0.000007
0.000083	0.000004
0.000083	0.000004
0.000082	0.000004
0.000082	0.000007
0.000082	0.000004
0.000082	0.000004
0.000082	0.000007
0.000082	0.000007
0.000082	0.000004
0.000082	0.000004
0.000082	0.000004
0.000082	0.000007
0.000082	0.000007
0.000082	0.000004
0.000081	0.000007
0.000081	0.000007
0.000082	0.000004
0.000081	0.000004
0.000081	0.000007
0.000081	0.000007
0.000081	0.000004
0.000081	0.000004
0.000081	0.000004
0.000081	0.000008
0.000081	0.000004
0.000081	0.000004
0.000081	0.000004
0.000081	0.000008
0.000081	0.000004
0.000081	0.000004
0.000080	0.000008
0.000080	0.000008
0.000081	0.000004
0.000080	0.000004
0.000080	0.000004
0.000080	0.000008
0.000080	0.000008
0.000080	0.000004
0.000080	0.000004
0.000080	0.000008
0.000080	0.000004
0.000080	0.000004
0.000080	0.000008
0.000079	0.000008
0.000080	0.000004
0.000080	0.000004
0.000079	0.000008
0.000079	0.000008
0.000080	0.000004
0.000079	0.000004
0.000079	0.000004
0.000079	0.000008
0.000079	0.000004
0.000079	0.000004
0.000079	0.000008
0.000079	0.000008
0.000079	0.000004
0.000079	0.000004
0.000079	0.000008
0.000079	0.000008
0.000079	0.000004
0.000079	0.000004
0.000079	0.000004
0.000078	0.000008
0.000078	0.000008
0.000079	0.000004
0.000078	0.000004
0.000078	0.000008
0.000078	0.000004
0.000078	0.000004
0.000078	0.000008
0.000078	0.000008
0.000078	0.000004
0.000078	0.000004
0.000078	0.000004
0.000078	0.000008
0.000078	0.000008
0.000078	0.000004
0.000078	0.000004
0.000077	0.000008
0.000078	0.000004
0.000078	0.000004
0.000082	0.000009
0.000082	0.000009
0.000082	0.000004
0.000082	0.000004
0.000082	0.000009
0.000082	0.000009
0.000082	0.000009
0.000082	0.000004
0.000082	0.000009
0.000082	0.000009
0.000082	0.000004
0.000082	0.000004
0.000081	0.000009
0.000081	0.000009
0.000082	0.000004
0.000082	0.000004
0.000081	0.000009
0.000081	0.000009
0.000081	0.000009
0.000081	0.000004
0.000081	0.000009
0.000081	0.000009
0.000081	0.000009
0.000081	0.000004
0.000081	0.000009
0.000081	0.000009
0.000081	0.000004
0.000081	0.000004
0.000080	0.000009
0.000080	0.000009
0.000080	0.000009
0.000081	0.000004
0.000081	0.000004
0.000080	0.000009
0.000080	0.000009
0.000080	0.000004
0.000080	0.000009
0.000080	0.000009
0.000080	0.000004
0.000080	0.000004
0.000080	0.000009
0.000080	0.000009
0.000080	0.000004
0.000080	0.000004
0.000080	0.000004
0.000080	0.000009
0.000080	0.000009
0.000080	0.000004
0.000079	0.000009
0.000079	0.000009
0.000080	0.000004
0.000080	0.000004
0.000079	0.000009
0.000079	0.000009
0.000079	0.000005
0.000079	0.000005
0.000079	0.000005
0.000079	0.000010
0.000079	0.000005
0.000079	0.000005
0.000079	0.000005
0.000079	0.000010
0.000079	0.000005
0.000079	0.000005
0.000079	0.000005
0.000078	0.000010
0.000079	0.000005
0.000079	0.000005
0.000079	0.000005
0.000078	0.000010
0.000079	0.000005
0.000079	0.000005
0.000078	0.000005
0.000078	0.000010
0.000078	0.000005
0.000078	0.000005
0.000078	0.000005
0.000078	0.000010
0.000078	0.000005
0.000078	0.000005
0.000078	0.000005
0.000078	0.000010
0.000078	0.000005
0.000078	0.000005
0.000078	0.000005
0.000077	0.000010
0.000078	0.000005
0.000078	0.000005
0.000078	0.000005
0.000077	0.000010
0.000078	0.000005
0.000078	0.000005
0.000077	0.000005
0.000077	0.000010
0.000077	0.000005
0.000077	0.000005
0.000077	0.000005
0.000077	0.000010
0.000077	0.000005
0.000077	0.000005
0.000077	0.000005
0.000077	0.000010
0.000077	0.000005
0.000077	0.000005
0.000077	0.000005
0.000076	0.000010
0.000077	0.000005
0.000077	0.000005
0.000077	0.000005
0.000076	0.000010
0.000077	0.000005
0.000077	0.000005
0.000076	0.000005
0.000076	0.000010
0.000076	0.000005
0.000076	0.000005
0.000076	0.000005
0.000076	0.000010
0.000076	0.000005
0.000076	0.000005
0.000076	0.000005
0.000076	0.000010
0.000076	0.000005
0.000076	0.000005
0.000076	0.000005
0.000075	0.000010
0.000076	0.000005
0.000076	0.000005
0.000076	0.000005
0.000075	0.000010
0.000076	0.000005
0.000076	0.000005
0.000076	0.000005
0.000075	0.000010
0.000075	0.000005
0.000075	0.000005
0.000075	0.000005
0.000075	0.000010
0.000075	0.000005
0.000075	0.000005
0.000075	0.000005
0.000075	0.000010
0.000075	0.000005
0.000075	0.000005
0.000075	0.000005
0.000074	0.000010
0.000075	0.000005
0.000075	0.000005
0.000075	0.000005
0.000074	0.000010
0.000075	0.000005
0.000075	0.000005
0.000075	0.000005
0.000074	0.000010
0.000075	0.000005
0.000075	0.000005
0.000075	0.000005
0.000074	0.000010
0.000074	0.000005
0.000074	0.000005
0.000074	0.000005
0.000074	0.000010
0.000074	0.000005
0.000074	0.000005
0.000074	0.000005
0.000074	0.000010
0.000074	0.000005
0.000074	0.000005
0.000074	0.000005
0.000074	0.000005
0.000074	0.000005
0.000074	0.000005
0.000074	0.000005
0.000073	0.000010
0.000074	0.000005
0.000074	0.000005
0.000074	0.000005
0.000073	0.000010
0.000074	0.000005
0.000073	0.000005
0.000073	0.000005
0.000073	0.000005
0.000073	0.000005
0.000074	0.000000
0.000073	0.000005
0.000073	0.000005
0.000073	0.000005
0.000073	0.000005
0.000073	0.000005
0.000073	0.000010
0.000073	0.000005
0.000073	0.000005
0.000073	0.000005
0.000072	0.000010
0.000073	0.000005
0.000073	0.000005
0.000073	0.000005
0.000073	0.000005
0.000073	0.000005
0.000073	0.000005
0.000073	0.000005
0.000073	0.000005
0.000073	0.000005
0.000073	0.000005
0.000072	0.000005
0.000072	0.000010
0.000072	0.000005
0.000072	0.000005
0.000072	0.000005
0.000072	0.000010
0.000072	0.000005
0.000072	0.000005
0.000072	0.000005
0.000072	0.000010
0.000072	0.000005
0.000072	0.000005
0.000072	0.000005
0.000071	0.000010
0.000072	0.000005
0.000072	0.000005
0.000072	0.000005
0.000071	0.000010
0.000072	0.000005
0.000072	0.000005
0.000072	0.000005
0.000071	0.000010
0.000072	0.000005
0.000072	0.000005
0.000072	0.000005
0.000071	0.000005
0.000071	0.000005
0.000071	0.000005
0.000071	0.000005
0.000071	0.000005
0.000071	0.000005
0.000071	0.000005
0.000071	0.000005
0.000071	0.000010
0.000071	0.000005
0.000071	0.000005
0.000071	0.000005
0.000071	0.000005
0.000071	0.000005
0.000071	0.000000
0.000071	0.000005
0.000071	0.000005
0.000071	0.000005
0.000071	0.000000
0.000071	0.000005
0.000071	0.000005
0.000071	0.000005
0.000071	0.000005
0.000071	0.000005
0.000070	0.000011
0.000071	0.000005
0.000070	0.000005
0.000070	0.000005
0.000070	0.000005
0.000070	0.000005
0.000070	0.000005
0.000070	0.000005
0.000070	0.000005
0.000070	0.000005
0.000070	0.000000
0.000070	0.000005
0.000070	0.000005
0.000070	0.000005
0.000070	0.000000
0.000070	0.000005
0.000070	0.000005
0.000070	0.000005
0.000070	0.000005
0.000070	0.000005
0.000070	0.000006
0.000070	0.000005
0.000070	0.000000
0.000070	0.000006
0.000070	0.000006
0.000070	0.000006
0.000070	0.000006
0.000070	0.000006
0.000070	0.000006
0.000069	0.000006
0.000070	0.000000
0.000069	0.000006
0.000069	0.000006
0.000069	0.000006
0.000070	0.000000
0.000069	0.000006
0.000069	0.000006
0.000069	0.000006
0.000069	0.000000
0.000069	0.000006
0.000069	0.000006
0.000069	0.000006
0.000069	0.000000
0.000069	0.000006
0.000069	0.000006
0.000069	0.000006
0.000069	0.000006
0.000069	0.000006
0.000069	0.000006
0.000069	0.000006
0.000069	0.000000
0.000069	0.000006
0.000068	0.000011
0.000069	-0.000000
0.000069	0.000000
0.000069	0.000006
0.000069	0.000006
0.000069	-0.000000
0.000068	-0.000006
0.000068	0.000011
0.000065	0.000022
0.000068	0.000011
0.000068	0.000006
0.000068	0.000006
0.000068	0.000006
0.000068	0.000006
0.000068	0.000006
0.000068	0.000006
0.000068	0.000006
0.000068	0.000000
0.000068	0.000000
0.000068	0.000006
0.000067	0.000011
0.000067	0.000011
0.000068	-0.000000
0.000068	0.000006
0.000068	0.000006
0.000068	0.000006
0.000068	-0.000000
0.000068	0.000006
0.000068	0.000006
0.000068	0.000006
0.000068	0.000000
0.000068	0.000006
0.000068	0.000006
0.000068	0.000006
0.000068	0.000000
0.000068	0.000006
0.000067	0.000006
0.000067	0.000006
0.000068	0.000000
0.000067	0.000006
0.000067	0.000006
0.000067	0.000006
0.000068	0.000000
0.000067	0.000006
0.000067	0.000006
0.000067	0.000006
0.000067	0.000000
0.000045	0.000004
0.000045	0.000004
0.000045	0.000004
0.000045	0.000000
0.000045	0.000004
0.000045	0.000004
0.000045	0.000004
0.000045	0.000000
0.000045	0.000004
0.000045	0.000004
0.000045	0.000004
0.000045	0.000000
0.000045	0.000004
0.000045	0.000004
0.000045	0.000004
0.000045	0.000004
0.000045	0.000004
0.000045	0.000004
0.000045	0.000004
0.000045	0.000000
0.000045	0.000004
0.000045	0.000004
0.000045	0.000004
0.000045	0.000004
0.000045	0.000000
0.000044	0.000004
0.000045	0.000000
0.000045	0.000000
0.000045	0.000000
0.000044	0.000004
0.000045	0.000000
0.000045	0.000000
0.000044	0.000004
0.000044	0.000004
0.000044	0.000004
0.000044	0.000000
0.000044	0.000004
0.000044	0.000004
0.000044	0.000004
0.000044	0.000000
0.000044	0.000004
0.000044	0.000004
0.000044	0.000004
0.000044	0.000000
0.000044	0.000004
0.000044	0.000004
0.000044	0.000004
0.000044	0.000000
0.000044	0.000004
0.000044	0.000004
0.000044	0.000004
0.000044	0.000000
0.000044	0.000004
0.000044	0.000004
0.000044	0.000004
0.000044	0.000000
0.000044	0.000004
0.000044	0.000004
0.000044	0.000004
0.000044	0.000000
0.000044	0.000004
0.000044	0.000004
0.000044	0.000004
0.000044	0.000000
0.000044	0.000004
0.000044	0.000004
0.000044	0.000004
0.000044	0.000000
0.000044	0.000004
0.000044	0.000004
0.000044	0.000000
0.000044	0.000000
0.000044	0.000004
0.000044	0.000004
0.000043	0.000004
0.000044	0.000000
0.000043	0.000004
0.000043	0.000004
0.000043	0.000004
0.000044	0.000000
0.000043	0.000004
0.000043	0.000004
0.000043	0.000004
0.000044	0.000000
0.000043	0.000004
0.000043	0.000004
0.000043	0.000004
0.000043	0.000000
0.000043	0.000004
0.000043	0.000000
0.000043	0.000000
0.000043	0.000000
0.000043	0.000004
0.000043	0.000004
0.000043	0.000004
0.000043	0.000000
0.000043	0.000004
0.000043	0.000004
0.000043	0.000004
0.000043	0.000000
0.000043	0.000004
0.000043	0.000004
0.000043	0.000004
0.000043	-0.000000
0.000043	0.000004
0.000043	0.000004
0.000043	0.000004
0.000043	0.000000
0.000043	0.000004
0.000043	0.000004
0.000043	0.000004
0.000043	0.000000
0.000043	0.000000
0.000043	0.000004
0.000043	0.000004
0.000043	0.000000
0.000043	0.000004
0.000043	0.000004
0.000043	0.000004
0.000043	0.000000
0.000043	0.000004
0.000043	0.000004
0.000043	0.000004
0.000043	0.000000
0.000043	0.000004
0.000043	0.000004
0.000043	0.000004
0.000043	0.000000
0.000042	0.000004
0.000042	0.000004
0.000042	0.000004
0.000043	0.000000
0.000042	0.000004
0.000042	0.000004
0.000042	0.000004
0.000043	0.000000
0.000042	0.000004
0.000042	0.000004
0.000042	0.000004
0.000042	0.000000
0.000042	0.000004
0.000042	0.000004
0.000042	0.000000
0.000042	0.000000
0.000042	0.000004
0.000042	0.000004
0.000042	0.000004
0.000042	0.000000
0.000042	0.000004
0.000042	0.000004
0.000042	0.000004
0.000042	0.000000
0.000042	0.000004
0.000042	0.000000
0.000042	0.000000
0.000042	0.000000
0.000042	0.000004
0.000042	0.000004
0.000042	0.000000
0.000042	0.000000
0.000042	0.000005
0.000042	0.000005
0.000042	0.000000
0.000042	0.000000
0.000042	0.000005
0.000042	0.000005
0.000042	0.000005
0.000042	0.000005
0.000042	0.000005
0.000036	0.000004
0.000036	0.000000
0.000036	0.000000
0.000036	0.000004
0.000036	0.000004
0.000036	0.000000
0.000036	0.000000
0.000036	0.000004
0.000036	0.000004
0.000036	0.000000
0.000036	0.000000
0.000036	0.000004
0.000036	0.000004
0.000036	0.000000
0.000036	0.000000
0.000036	0.000004
0.000036	0.000004
0.000036	0.000000
0.000036	0.000000
0.000036	0.000000
0.000035	0.000004
0.000035	0.000004
0.000036	0.000000
0.000035	0.000004
0.000035	0.000004
0.000035	0.000004
0.000036	0.000000
0.000036	0.000000
0.000035	0.000004
0.000035	0.000004
0.000036	0.000000
0.000036	0.000000
0.000035	0.000004
0.000035	0.000000
0.000035	0.000000
0.000035	0.000004
0.000035	0.000004
0.000035	0.000000
0.000035	0.000000
0.000035	0.000000
0.000035	0.000004
0.000035	0.000000
0.000035	0.000000
0.000035	0.000004
0.000035	0.000004
0.000035	0.000004
0.000035	-0.000000
0.000035	0.000000
0.000035	0.000000
0.000035	0.000000
0.000035	0.000000
0.000035	0.000004
0.000035	0.000004
0.000035	0.000000
0.000035	0.000000
0.000035	0.000004
0.000035	0.000004
0.000035	0.000004
0.000035	0.000000
0.000035	0.000000
0.000035	0.000004
0.000035	0.000004
0.000035	0.000000
0.000035	0.000000
0.000035	0.000004
0.000035	0.000000
0.000035	0.000000
0.000035	0.000004
0.000035	0.000004
0.000035	0.000004
0.000035	0.000000
0.000035	0.000000
0.000035	0.000004
0.000035	0.000000
0.000035	-0.000000
0.000035	0.000000
0.000035	0.000004
0.000035	0.000000
0.000035	0.000000
0.000035	0.000004
0.000035	0.000004
0.000035	0.000000
0.000035	0.000000
0.000035	0.000000
0.000035	0.000004
0.000035	0.000000
0.000035	-0.000000
0.000035	0.000000
0.000035	0.000004
0.000035	0.000000
0.000035	0.000000
0.000034	0.000004
0.000034	0.000004
0.000035	0.000000
0.000035	0.000000
0.000035	0.000000
0.000034	0.000004
0.000034	0.000004
0.000035	0.000000
0.000035	0.000000
0.000034	0.000004
0.000035	0.000000
0.000035	0.000000
0.000034	0.000004
0.000034	0.000004
0.000035	0.000000
0.000035	0.000000
0.000034	0.000000
0.000034	0.000004
0.000034	0.000004
0.000034	0.000000
0.000034	0.000000
0.000034	0.000004
0.000034	0.000000
0.000034	-0.000000
0.000034	0.000000
0.000034	0.000004
0.000034	0.000000
0.000034	0.000000
0.000034	0.000000
0.000034	0.000000
0.000034	0.000000
0.000034	0.000000
0.000034	0.000000
0.000034	0.000004
0.000034	0.000000
0.000034	-0.000000
0.000034	0.000000
0.000034	0.000004
0.000034	0.000000
0.000034	0.000000
0.000034	0.000000
0.000034	0.000004
0.000034	0.000000
0.000034	0.000000
0.000034	0.000000
0.000034	0.000004
0.000034	0.000000
0.000034	-0.000000
0.000034	0.000000
0.000034	0.000004
0.000034	0.000000
0.000034	0.000000
0.000034	0.000004
0.000034	0.000004
0.000034	0.000000
0.000034	0.000000
0.000034	0.000000
0.000034	0.000004
0.000034	0.000000
0.000034	-0.000000
0.000034	0.000000
0.000034	0.000004
0.000034	0.000000
0.000034	0.000000
0.000034	0.000000
0.000034	0.000004
0.000034	0.000000
0.000034	0.000000
0.000034	0.000000
0.000034	0.000000
0.000034	0.000004
0.000034	-0.000000
0.000034	0.000000
0.000034	0.000004
0.000034	0.000000
0.000034	-0.000000
0.000034	0.000000
0.000034	0.000000
0.000034	0.000000
0.000034	0.000000
0.000034	0.000000
0.000033	0.000004
0.000033	0.000004
0.000034	-0.000000
0.000034	0.000000
0.000033	0.000004
0.000034	0.000000
0.000034	-0.000000
0.000034	0.000000
0.000033	0.000004
0.000034	0.000000
0.000034	0.000000
0.000034	0.000000
0.000034	0.000000
0.000033	0.000004
0.000034	0.000000
0.000033	0.000000
0.000033	0.000004
0.000033	0.000000
0.000033	-0.000000
0.000033	0.000000
0.000033	0.000004
0.000033	0.000000
0.000033	0.000000
0.000033	0.000000
0.000033	0.000004
0.000033	0.000000
0.000033	0.000000
0.000033	0.000000
0.000033	0.000004
0.000033	0.000000
0.000033	-0.000000
0.000033	0.000000
0.000033	0.000004
0.000033	0.000000
0.000033	0.000000
0.000033	0.000000
0.000033	0.000004
0.000033	0.000000
0.000033	0.000000
0.000033	0.000000
0.000033	0.000005
0.000033	0.000000
0.000033	-0.000000
0.000033	0.000000
0.000033	0.000005
0.000033	0.000000
0.000033	0.000000
0.000033	0.000000
0.000033	0.000000
0.000033	0.000000
0.000033	-0.000000
0.000033	0.000000
0.000033	0.000000
0.000033	0.000000
0.000033	-0.000000
0.000032	0.000000
0.000032	0.000005
0.000032	0.000000
0.000032	-0.000000
0.000032	0.000000
0.000032	0.000005
0.000032	0.000000
0.000032	0.000000
0.000032	0.000000
0.000032	0.000000
0.000032	0.000000
0.000032	0.000000
0.000032	0.000000
0.000032	0.000000
0.000032	0.000000
0.000032	-0.000000
0.000032	0.000000
0.000032	0.000005
0.000032	0.000000
0.000032	0.000000
0.000032	0.000000
0.000032	0.000000
0.000032	0.000000
0.000032	-0.000000
0.000032	0.000000
0.000032	0.000000
0.000032	0.000000
0.000032	-0.000000
0.000032	0.000000
0.000031	0.000004
0.000032	0.000000
0.000032	-0.000000
0.000032	0.000000
0.000032	0.000000
0.000032	0.000000
0.000032	-0.000000
0.000032	0.000000
0.000032	0.000000
0.000032	0.000000
0.000032	-0.000000
0.000032	0.000000
0.000032	0.000000
0.000032	0.000000
0.000032	0.000000
0.000032	0.000000
0.000032	0.000000
0.000032	0.000000
0.000032	-0.000000
0.000032	0.000000
0.000032	0.000000
0.000031	0.000000
0.000031	-0.000000
0.000031	0.000000
0.000031	0.000000
0.000031	0.000000
0.000031	-0.000000
0.000031	0.000000
0.000031	0.000000
0.000031	0.000000
0.000031	-0.000000
0.000031	0.000000
0.000031	0.000004
0.000031	0.000000
0.000031	0.000000
0.000031	0.000000
0.000031	0.000004
0.000031	0.000000
0.000031	0.000000
0.000031	0.000000
0.000031	0.000000
0.000031	0.000000
0.000031	-0.000000
0.000031	0.000000
0.000031	0.000000
0.000031	0.000000
0.000031	0.000000
0.000031	0.000000
0.000031	0.000000
0.000031	0.000000
0.000031	0.000000
0.000031	0.000000
0.000031	0.000000
0.000031	0.000000
0.000031	-0.000000
0.000031	0.000000
0.000031	0.000004
0.000031	0.000000
0.000031	-0.000000
0.000031	0.000000
0.000031	0.000000
0.000031	0.000000
0.000031	-0.000000
0.000031	0.000000
0.000031	0.000004
0.000031	0.000000
0.000031	0.000000
0.000031	0.000000
0.000031	0.000000
0.000031	0.000000
0.000031	0.000000
0.000031	0.000000
0.000031	0.000000
0.000031	0.000000
0.000031	0.000000
0.000031	0.000000
0.000031	0.000000
0.000031	0.000000
0.000031	0.000000
0.000031	0.000000
0.000031	0.000000
0.000031	0.000000
0.000031	0.000000
0.000031	0.000000
0.000031	0.000000
0.000031	0.000000
0.000031	-0.000000
0.000031	0.000000
0.000031	0.000000
0.000031	0.000000
0.000031	-0.000000
0.000031	0.000000
0.000031	0.000000
0.000031	0.000000
0.000031	0.000000
0.000031	0.000000
0.000031	0.000000
0.000031	-0.000000
0.000031	-0.000000
0.000031	0.000000
0.000031	0.000000
0.000031	0.000000
0.000031	-0.000000
0.000031	0.000000
0.000031	0.000000
0.000031	0.000000
0.000031	0.000000
0.000031	0.000000
0.000031	0.000000
0.000031	0.000000
0.000031	-0.000000
0.000031	0.000000
0.000031	0.000000
0.000031	0.000000
0.000031	-0.000000
0.000031	0.000000
0.000031	0.000000
0.000031	0.000000
0.000031	-0.000000
0.000031	0.000000
0.000031	0.000000
0.000030	0.000000
0.000030	-0.000000
0.000030	0.000000
0.000030	0.000000
0.000030	0.000000
0.000030	-0.000000
0.000030	0.000000
0.000030	0.000000
0.000030	0.000000
0.000030	-0.000000
0.000030	0.000000
0.000030	0.000000
0.000030	0.000000
0.000030	-0.000000
0.000030	0.000000
0.000030	0.000000
0.000030	0.000000
0.000030	-0.000000
0.000030	0.000000
0.000030	0.000000
0.000030	0.000000
0.000030	-0.000000
0.000030	0.000000
0.000030	0.000000
0.000030	0.000000
0.000030	-0.000000
0.000030	0.000000
0.000030	0.000000
0.000030	0.000000
0.000030	-0.000000
0.000030	0.000000
0.000030	0.000000
0.000030	0.000000
0.000030	0.000000
0.000030	0.000000
0.000030	0.000000
0.000030	0.000000
0.000030	-0.000000
0.000030	-0.000000
0.000030	0.000000
0.000030	0.000000
0.000030	-0.000000
0.000030	0.000000
0.000030	0.000000
0.000030	0.000000
0.000030	-0.000000
0.000030	0.000000
0.000030	0.000000
0.000030	0.000000
0.000030	-0.000000
0.000030	0.000000
0.000030	0.000000
0.000030	0.000000
0.000030	0.000000
0.000030	0.000000
0.000030	0.000000
0.000030	0.000000
0.000030	0.000000
0.000030	0.000000
0.000030	0.000000
0.000030	0.000000
0.000030	0.000000
0.000030	0.000000
0.000030	0.000000
0.000030	0.000000
0.000030	-0.000000
0.000030	0.000000
0.000030	0.000000
0.000030	0.000000
0.000030	-0.000000
0.000030	0.000000
0.000029	0.000005
0.000030	0.000000
0.000030	-0.000000
0.000030	0.000000
0.000030	0.000000
0.000030	0.000000
0.000030	-0.000000
0.000030	0.000000
0.000030	0.000000
0.000030	0.000000
0.000030	-0.000000
0.000030	0.000000
0.000030	0.000000
0.000030	0.000000
0.000030	-0.000000
0.000030	0.000000
0.000029	0.000005
0.000030	0.000000
0.000030	-0.000000
0.000030	0.000000
0.000030	0.000000
0.000030	0.000000
0.000030	-0.000000
0.000030	0.000000
0.000030	0.000000
0.000030	0.000000
0.000030	-0.000000
0.000030	0.000000
0.000030	0.000000
0.000030	0.000000
0.000030	-0.000000
0.000030	0.000000
0.000030	0.000000
0.000030	0.000000
0.000030	-0.000000
0.000030	0.000000
0.000030	0.000000
0.000030	0.000000
0.000030	-0.000000
0.000029	0.000000
0.000029	0.000000
0.000029	0.000000
0.000029	0.000000
0.000029	0.000000
0.000029	0.000000
0.000029	0.000000
0.000029	-0.000000
0.000029	0.000000
0.000029	0.000000
0.000029	-0.000000
0.000029	-0.000000
0.000029	0.000000
0.000029	0.000000
0.000029	0.000000
0.000029	-0.000000
0.000029	0.000000
0.000029	0.000000
0.000029	0.000000
0.000029	-0.000000
0.000029	0.000000
0.000029	0.000000
0.000029	0.000000
0.000029	-0.000000
0.000029	0.000000
0.000029	0.000000
0.000029	0.000000
0.000029	-0.000000
0.000029	-0.000000
0.000029	0.000000
0.000029	0.000000
0.000029	-0.000000
0.000029	0.000000
0.000029	0.000000
0.000029	0.000000
0.000029	-0.000000
0.000029	0.000000
0.000029	0.000000
0.000029	0.000000
0.000029	-0.000000
0.000029	-0.000000
0.000029	0.000000
0.000029	0.000000
0.000029	-0.000000
0.000029	-0.000000
0.000029	0.000000
0.000029	0.000000
0.000029	-0.000000
0.000029	0.000000
0.000029	0.000000
0.000029	0.000000
0.000029	-0.000000
0.000029	0.000000
0.000029	0.000000
0.000029	0.000000
0.000029	-0.000000
0.000029	0.000000
0.000029	0.000000
0.000029	0.000000
0.000029	-0.000000
0.000029	0.000000
0.000029	0.000000
0.000029	0.000000
0.000029	-0.000000
0.000029	0.000000
0.000029	0.000000
0.000029	0.000000
0.000029	-0.000000
0.000029	0.000000
0.000029	0.000000
0.000029	0.000000
0.000029	-0.000000
0.000029	0.000000
0.000029	0.000000
0.000029	-0.000000
0.000029	-0.000000
0.000029	0.000000
0.000029	0.000000
0.000029	-0.000000
0.000029	-0.000000
0.000029	0.000000
0.000029	0.000000
0.000029	-0.000000
0.000029	-0.000000
0.000029	0.000000
0.000029	0.000000
0.000029	0.000000
0.000029	0.000000
0.000029	0.000000
0.000029	0.000000
0.000029	0.000000
0.000029	-0.000000
0.000029	0.000000
0.000029	0.000000
0.000029	0.000000
0.000029	-0.000000
0.000029	0.000000
0.000029	0.000000
0.000029	0.000000
0.000029	-0.000000
0.000029	0.000000
0.000029	0.000000
0.000029	-0.000000
0.000029	-0.000000
0.000029	0.000000
0.000029	0.000000
0.000029	0.000000
0.000029	-0.000000
0.000029	0.000000
0.000029	0.000000
0.000029	-0.000000
0.000029	-0.000000
0.000029	0.000000
0.000029	0.000000
0.000029	0.000000
0.000029	-0.000000
0.000029	0.000000
0.000029	0.000000
0.000029	0.000000
0.000029	-0.000000
0.000029	0.000000
0.000029	0.000000
0.000028	0.000000
0.000028	-0.000000
0.000028	0.000000
0.000028	0.000000
0.000028	0.000000
0.000028	-0.000000
0.000028	0.000000
0.000028	0.000000
0.000028	0.000000
0.000028	-0.000000
0.000028	0.000000
0.000028	0.000000
0.000028	0.000000
0.000029	-0.000000
0.000029	0.000000
0.000029	0.000000
0.000029	0.000000
0.000029	-0.000000
0.000029	0.000000
0.000029	0.000000
0.000029	0.000000
0.000029	-0.000000
0.000029	-0.000000
0.000029	0.000000
0.000029	0.000000
0.000029	-0.000000
0.000029	0.000000
0.000029	0.000000
0.000029	-0.000000
0.000029	0.000000
0.000029	0.000000
0.000029	0.000000
0.000029	-0.000000
0.000029	-0.000000
0.000029	0.000000
0.000029	0.000000
0.000029	0.000000
0.000029	0.000000
0.000029	0.000000
0.000029	0.000000
0.000029	0.000000
0.000029	-0.000000
0.000029	0.000000
0.000029	0.000000
0.000029	-0.000000
0.000029	-0.000000
0.000029	0.000000
0.000029	0.000000
0.000029	0.000000
0.000029	-0.000000
0.000029	0.000000
0.000029	0.000000
0.000029	-0.000000
0.000029	-0.000000
0.000029	0.000000
0.000029	0.000000
0.000029	-0.000000
0.000029	-0.000000
0.000029	-0.000000
0.000029	0.000000
0.000029	0.000000
0.000029	-0.000000
0.000029	-0.000000
0.000029	0.000000
0.000029	0.000000
0.000029	-0.000000
0.000029	0.000000
0.000029	0.000000
0.000029	0.000000
0.000029	-0.000000
0.000029	0.000000
0.000029	0.000000
0.000029	0.000000
0.000029	-0.000000
0.000029	0.000000
0.000029	0.000000
0.000029	0.000000
0.000029	-0.000000
0.000029	0.000000
0.000029	0.000000
0.000029	0.000000
0.000029	-0.000000
0.000029	0.000000
0.000029	0.000000
0.000029	-0.000000
0.000029	-0.000000
0.000029	-0.000000
0.000029	0.000000
0.000029	0.000000
0.000029	-0.000000
0.000029	0.000000
0.000029	0.000000
0.000029	-0.000000
0.000029	0.000000
0.000029	0.000000
0.000029	0.000000
0.000029	-0.000000
0.000029	-0.000000
0.000029	0.000000
0.000029	0.000000
0.000029	0.000000
0.000029	-0.000000
0.000029	-0.000000
0.000029	0.000000
0.000029	0.000000
0.000029	-0.000000
0.000029	0.000000
0.000029	0.000000
0.000029	-0.000000
0.000029	-0.000000
0.000029	-0.000000
0.000029	0.000000
0.000029	0.000000
0.000029	-0.000000
0.000029	-0.000000
0.000029	0.000000
0.000028	0.000000
0.000028	-0.000000
0.000028	0.000000
0.000028	0.000000
0.000028	0.000000
0.000028	-0.000000
0.000028	0.000000
0.000028	0.000000
0.000028	0.000000
0.000028	0.000000
0.000028	0.000000
0.000028	0.000000
0.000028	0.000000
0.000028	-0.000000
0.000028	-0.000000
0.000028	0.000000
0.000028	0.000000
0.000028	-0.000000
0.000028	0.000000
0.000028	0.000000
0.000028	0.000000
0.000028	-0.000000
0.000028	0.000000
0.000028	0.000000
0.000028	-0.000000
0.000028	-0.000000
0.000028	0.000000
0.000028	0.000000
0.000028	0.000000
0.000028	-0.000000
0.000028	-0.000000
0.000028	0.000000
0.000028	-0.000000
0.000028	-0.000000
0.000028	0.000000
0.000028	0.000000
0.000028	0.000000
0.000028	-0.000000
0.000028	0.000000
0.000028	0.000000
0.000028	0.000000
0.000028	-0.000000
0.000028	0.000000
0.000028	0.000000
0.000028	0.000000
0.000028	-0.000000
0.000028	0.000000
0.000028	0.000000
0.000028	0.000000
0.000028	-0.000000
0.000028	-0.000000
0.000028	0.000000
0.000028	-0.000000
0.000028	-0.000000
0.000028	-0.000000
0.000028	0.000000
0.000028	0.000000
0.000028	-0.000000
0.000028	-0.000000
0.000028	0.000000
0.000028	0.000000
0.000028	-0.000000
0.000028	-0.000000
0.000028	0.000000
0.000028	0.000000
0.000028	-0.000000
0.000028	0.000000
0.000028	0.000000
0.000028	-0.000000
0.000028	-0.000000
0.000028	-0.000000
0.000028	0.000000
0.000028	0.000000
0.000028	0.000000
0.000028	-0.000000
0.000028	0.000000
0.000028	0.000000
0.000027	-0.000009
0.000028	0.000000
0.000028	0.000000
0.000028	0.000000
0.000028	-0.000000
0.000028	-0.000000
0.000028	0.000000
0.000028	-0.000000
0.000028	-0.000000
0.000028	0.000000
0.000028	0.000000
0.000028	-0.000000
0.000028	-0.000000
0.000028	0.000000
0.000028	0.000000
0.000028	-0.000000
0.000028	-0.000000
0.000028	0.000000
0.000028	0.000000
0.000028	-0.000000
0.000028	-0.000000
0.000028	0.000000
0.000028	0.000000
0.000028	0.000000
0.000028	-0.000000
0.000028	-0.000000
0.000028	-0.000000
0.000028	0.000000
0.000026	-0.000009
