4096
0.000000	0.000000
-0.000001	0.670914
-0.001193	-0.000000
0.000975	0.000000
-0.225597	-0.000005
0.000556	0.000000
-0.000341	-0.000000
0.146408	0.000011
-0.000401	-0.000000
0.000356	0.000000
-0.082233	-0.000012
0.000203	0.000000
-0.000177	-0.000000
0.054735	0.000014
-0.000862	-0.000000
0.000714	0.000000
-0.054117	-0.000021
0.000464	0.000000
-0.000438	-0.000000
0.042607	0.000023
-0.000199	-0.000000
0.000105	0.000000
-0.040840	-0.000030
0.000061	0.000000
-0.000060	-0.000000
0.027337	0.000026
-0.000058	-0.000000
0.000057	0.000000
-0.033029	-0.000039
0.000050	0.000000
-0.000049	-0.000000
0.037746	0.000054
-0.000047	-0.000000
0.000047	0.000000
-0.040758	-0.000071
0.000062	0.000000
-0.001234	-0.000002
0.008164	0.000017
-0.008056	-0.000017
0.007953	0.000018
-0.007853	-0.000019
0.007757	0.000020
-0.007665	-0.000020
0.007575	0.000021
-0.007489	-0.000022
0.007405	0.000022
-0.007103	-0.000023
0.007028	0.000023
-0.006954	-0.000024
0.006675	0.000024
-0.006608	-0.000025
0.006543	0.000025
-0.006480	-0.000026
0.006419	0.000027
-0.006360	-0.000028
0.006302	0.000029
-0.005696	-0.000027
0.005646	0.000027
-0.005597	-0.000028
0.005550	0.000029
-0.005503	-0.000030
0.005458	0.000030
-0.005414	-0.000031
0.005371	0.000032
-0.005012	-0.000031
0.004973	0.000031
-0.004936	-0.000032
0.004899	0.000033
-0.004863	-0.000034
0.004827	0.000034
-0.004793	-0.000035
0.004759	0.000036
-0.004726	-0.000037
0.003904	0.000031
-0.003878	-0.000032
0.003852	0.000032
-0.003826	-0.000033
0.003802	0.000034
-0.003777	-0.000034
0.003753	0.000035
-0.003730	-0.000036
0.003707	0.000036
-0.003684	-0.000037
0.003662	0.000038
-0.003423	-0.000036
0.003403	0.000037
-0.003384	-0.000037
0.003364	0.000038
-0.003345	-0.000039
0.003326	0.000039
-0.003308	-0.000040
0.003290	0.000041
-0.003272	-0.000041
0.003254	0.000042
-0.003237	-0.000043
0.003220	0.000044
-0.003203	-0.000044
0.003186	0.000045
-0.003074	-0.000044
0.003059	0.000045
-0.003043	-0.000046
0.003028	0.000046
-0.003014	-0.000047
0.002999	0.000048
-0.002985	-0.000048
0.002970	0.000049
-0.002956	-0.000050
0.002942	0.000050
-0.002929	-0.000051
0.002915	0.000052
-0.002902	-0.000053
0.002889	0.000053
-0.002876	-0.000054
0.002863	0.000055
-0.002851	-0.000056
0.002839	0.000056
-0.002826	-0.000057
0.002814	0.000058
-0.002802	-0.000058
0.002790	0.000059
-0.002779	-0.000060
0.002767	0.000061
-0.002756	-0.000061
0.002745	0.000062
-0.002734	-0.000063
0.002723	0.000064
-0.002712	-0.000065
0.002701	0.000065
-0.002691	-0.000066
0.002680	0.000067
-0.002670	-0.000068
0.002660	0.000068
-0.002650	-0.000069
0.002640	0.000070
-0.002630	-0.000071
0.002620	0.000072
-0.002610	-0.000072
0.002601	0.000073
-0.002591	-0.000074
0.002582	0.000075
-0.002653	-0.000078
0.002644	0.000079
-0.002634	-0.000080
0.002625	0.000080
-0.002616	-0.000081
0.002607	0.000082
-0.002598	-0.000083
0.002589	0.000084
-0.002580	-0.000085
0.002572	0.000086
-0.002563	-0.000086
0.002555	0.000087
-0.002546	-0.000088
0.002538	0.000089
-0.002530	-0.000090
0.002521	0.000091
-0.002513	-0.000092
0.002505	0.000093
-0.002497	-0.000093
0.002489	0.000094
-0.002482	-0.000095
0.002474	0.000096
-0.002466	-0.000097
0.002459	0.000098
-0.002451	-0.000099
0.002444	0.000100
-0.002436	-0.000101
0.002429	0.000102
-0.002497	-0.000106
0.002490	0.000107
-0.002482	-0.000108
0.002475	0.000108
-0.002468	-0.000109
0.002461	0.000110
-0.002453	-0.000111
0.002446	0.000112
-0.002439	-0.000113
0.002432	0.000114
-0.002426	-0.000115
0.002419	0.000116
-0.002412	-0.000117
0.002405	0.000118
-0.002399	-0.000119
0.002392	0.000120
-0.002385	-0.000121
0.002379	0.000122
-0.002373	-0.000123
0.002366	0.000124
-0.002360	-0.000125
0.002353	0.000126
-0.002347	-0.000127
0.002341	0.000128
-0.002335	-0.000129
0.002329	0.000130
-0.002323	-0.000131
0.002317	0.000132
-0.002311	-0.000133
0.002305	0.000134
-0.002299	-0.000135
0.002293	0.000136
-0.002287	-0.000137
0.002281	0.000138
-0.002276	-0.000139
0.002270	0.000140
-0.002408	-0.000150
0.002402	0.000151
-0.002396	-0.000153
0.002390	0.000154
-0.002384	-0.000155
0.002378	0.000156
-0.002373	-0.000157
0.002367	0.000158
-0.002361	-0.000159
0.002356	0.000160
-0.002350	-0.000161
0.002345	0.000163
-0.002339	-0.000164
0.002334	0.000165
-0.002328	-0.000166
0.002323	0.000167
-0.002317	-0.000168
0.002312	0.000169
-0.002307	-0.000171
0.002301	0.000172
-0.002296	-0.000173
0.002291	0.000174
-0.002286	-0.000175
0.002281	0.000176
-0.002276	-0.000178
0.002270	0.000179
-0.002265	-0.000180
0.002260	0.000181
-0.002255	-0.000182
0.002250	0.000183
-0.002246	-0.000185
0.002241	0.000186
-0.002236	-0.000187
0.002231	0.000188
-0.002226	-0.000189
0.002221	0.000191
-0.002217	-0.000192
0.002212	0.000193
-0.002207	-0.000194
0.002202	0.000195
-0.002198	-0.000197
0.002193	0.000198
-0.002189	-0.000199
0.002184	0.000200
-0.002180	-0.000201
0.002175	0.000203
-0.002170	-0.000204
0.002166	0.000205
-0.002162	-0.000206
0.002157	0.000207
-0.002153	-0.000209
0.002148	0.000210
-0.002144	-0.000211
0.002140	0.000212
-0.002135	-0.000214
0.002198	0.000222
-0.002193	-0.000223
0.002189	0.000224
-0.002185	-0.000225
0.002180	0.000227
-0.002176	-0.000228
0.002172	0.000229
-0.002167	-0.000231
0.002163	0.000232
-0.002159	-0.000233
0.002155	0.000234
-0.002151	-0.000236
0.002146	0.000237
-0.002142	-0.000238
0.002138	0.000240
-0.002134	-0.000241
0.002130	0.000242
-0.002126	-0.000244
0.002122	0.000245
-0.002118	-0.000246
0.002114	0.000248
-0.002110	-0.000249
0.002106	0.000250
-0.002102	-0.000252
0.002098	0.000253
-0.002094	-0.000254
0.002090	0.000256
-0.002086	-0.000257
0.002083	0.000258
-0.002079	-0.000260
0.002075	0.000261
-0.002071	-0.000262
0.002067	0.000264
-0.002064	-0.000265
0.002060	0.000266
-0.002056	-0.000268
0.002052	0.000269
-0.002049	-0.000270
0.002045	0.000272
-0.002041	-0.000273
0.002038	0.000275
-0.002034	-0.000276
0.002031	0.000277
-0.002027	-0.000279
0.002023	0.000280
-0.002020	-0.000281
0.002016	0.000283
-0.002013	-0.000284
0.002009	0.000286
-0.002006	-0.000287
0.002002	0.000288
-0.001999	-0.000290
0.001995	0.000291
-0.001992	-0.000293
0.001988	0.000294
-0.001985	-0.000295
0.001981	0.000297
-0.001978	-0.000298
0.001975	0.000300
-0.001971	-0.000301
0.001968	0.000302
-0.001964	-0.000304
0.001961	0.000305
-0.001958	-0.000307
0.001954	0.000308
-0.001951	-0.000309
0.001948	0.000311
-0.001945	-0.000312
0.001941	0.000314
-0.001938	-0.000315
0.001935	0.000317
-0.001932	-0.000318
0.001928	0.000319
-0.001925	-0.000321
0.001922	0.000322
-0.001919	-0.000324
0.001916	0.000325
-0.001912	-0.000327
0.001909	0.000328
-0.001906	-0.000329
0.001903	0.000331
-0.001900	-0.000332
0.001897	0.000334
-0.001894	-0.000335
0.001891	0.000337
-0.001887	-0.000338
0.001884	0.000340
-0.001881	-0.000341
0.001878	0.000343
-0.001875	-0.000344
0.001872	0.000345
-0.001869	-0.000347
0.001866	0.000348
-0.001863	-0.000350
0.001860	0.000351
-0.001857	-0.000353
0.001854	0.000354
-0.001851	-0.000356
0.001848	0.000357
-0.001845	-0.000359
0.001842	0.000360
-0.001839	-0.000362
0.001836	0.000363
-0.001833	-0.000365
0.001831	0.000366
-0.001828	-0.000368
0.001825	0.000369
-0.001822	-0.000371
0.001819	0.000372
-0.001816	-0.000374
0.001813	0.000375
-0.001810	-0.000377
0.001807	0.000378
-0.001805	-0.000380
0.001802	0.000381
-0.001799	-0.000383
0.001796	0.000384
-0.001793	-0.000386
0.001791	0.000387
-0.001788	-0.000389
0.001785	0.000390
-0.001782	-0.000392
0.001779	0.000393
-0.001777	-0.000395
0.001774	0.000396
-0.001771	-0.000398
0.001768	0.000399
-0.001766	-0.000401
0.001763	0.000402
-0.001760	-0.000404
0.001757	0.000405
-0.001755	-0.000407
0.001752	0.000408
-0.001749	-0.000410
0.001747	0.000411
-0.001744	-0.000413
0.001741	0.000415
-0.001738	-0.000416
0.001736	0.000418
-0.001733	-0.000419
0.001730	0.000421
-0.001728	-0.000422
0.001725	0.000424
-0.001722	-0.000425
0.001720	0.000427
-0.001717	-0.000428
0.001715	0.000430
-0.001712	-0.000432
0.001709	0.000433
-0.001707	-0.000435
0.001704	0.000436
-0.001701	-0.000438
0.001699	0.000439
-0.001696	-0.000441
0.001694	0.000442
-0.001691	-0.000444
0.001689	0.000446
-0.001686	-0.000447
0.001683	0.000449
-0.001681	-0.000450
0.001678	0.000452
-0.001676	-0.000453
0.001673	0.000455
-0.001671	-0.000457
0.001668	0.000458
-0.001665	-0.000460
0.001663	0.000461
-0.001660	-0.000463
0.001658	0.000464
-0.001655	-0.000466
0.001143	0.000323
-0.001142	-0.000325
0.001140	0.000326
-0.001138	-0.000327
0.001137	0.000328
-0.001135	-0.000329
0.001133	0.000330
-0.001131	-0.000331
0.001130	0.000332
-0.001128	-0.000333
0.001126	0.000334
-0.001124	-0.000336
0.001123	0.000337
-0.001121	-0.000338
0.001119	0.000339
-0.001118	-0.000340
0.001116	0.000341
-0.001114	-0.000342
0.001112	0.000343
-0.001111	-0.000344
0.001109	0.000346
-0.001107	-0.000347
0.001106	0.000348
-0.001104	-0.000349
0.001102	0.000350
-0.001101	-0.000351
0.001099	0.000352
-0.001097	-0.000353
0.001096	0.000354
-0.001094	-0.000356
0.001092	0.000357
-0.001091	-0.000358
0.001158	0.000382
-0.001156	-0.000383
0.001154	0.000384
-0.001153	-0.000385
0.001151	0.000386
-0.001149	-0.000388
0.001147	0.000389
-0.001145	-0.000390
0.001144	0.000391
-0.001142	-0.000392
0.001140	0.000393
-0.001138	-0.000395
0.001137	0.000396
-0.001135	-0.000397
0.001133	0.000398
-0.001131	-0.000399
0.001130	0.000401
-0.001128	-0.000402
0.001126	0.000403
-0.001124	-0.000404
0.001123	0.000405
-0.001121	-0.000407
0.001119	0.000408
-0.001117	-0.000409
0.001116	0.000410
-0.001114	-0.000411
0.001112	0.000413
-0.001110	-0.000414
0.001109	0.000415
-0.001107	-0.000416
0.001105	0.000417
-0.001103	-0.000419
0.001102	0.000420
-0.001100	-0.000421
0.001098	0.000422
-0.001097	-0.000423
0.001095	0.000425
-0.001093	-0.000426
0.001091	0.000427
-0.001090	-0.000428
0.001088	0.000429
-0.001086	-0.000431
0.001084	0.000432
-0.001083	-0.000433
0.001081	0.000434
-0.001079	-0.000436
0.001078	0.000437
-0.001076	-0.000438
0.001074	0.000439
-0.001072	-0.000440
0.001071	0.000442
-0.001069	-0.000443
0.001067	0.000444
-0.001065	-0.000445
0.001064	0.000446
-0.001062	-0.000448
0.001060	0.000449
-0.001059	-0.000450
0.001057	0.000451
-0.001055	-0.000452
0.001053	0.000454
-0.001052	-0.000455
0.001050	0.000456
-0.001048	-0.000457
0.001047	0.000458
-0.001045	-0.000460
0.001043	0.000461
-0.001041	-0.000462
0.001040	0.000463
-0.001038	-0.000465
0.001036	0.000466
-0.001035	-0.000467
0.001033	0.000468
-0.001031	-0.000469
0.001029	0.000471
-0.001028	-0.000472
0.001026	0.000473
-0.001024	-0.000474
0.001023	0.000475
-0.001021	-0.000477
0.001019	0.000478
-0.001017	-0.000479
0.001016	0.000480
-0.001014	-0.000482
0.001012	0.000483
-0.001011	-0.000484
0.001009	0.000485
-0.001007	-0.000486
0.001005	0.000488
-0.001004	-0.000489
0.001002	0.000490
-0.001000	-0.000491
0.000999	0.000492
-0.000997	-0.000494
0.000995	0.000495
-0.000993	-0.000496
0.000992	0.000497
-0.000990	-0.000498
0.000988	0.000500
-0.000987	-0.000501
0.000985	0.000502
-0.000983	-0.000503
0.000981	0.000505
-0.000980	-0.000506
0.000978	0.000507
-0.000976	-0.000508
0.000975	0.000509
-0.000973	-0.000511
0.000971	0.000512
-0.000969	-0.000513
0.000968	0.000514
-0.000966	-0.000515
0.000964	0.000517
-0.000962	-0.000518
0.000961	0.000519
-0.000959	-0.000520
0.000957	0.000521
-0.000956	-0.000523
0.000954	0.000524
-0.000952	-0.000525
0.000950	0.000526
-0.000949	-0.000527
0.000947	0.000529
-0.000945	-0.000530
0.000943	0.000531
-0.000942	-0.000532
0.000940	0.000533
-0.000938	-0.000535
0.000937	0.000536
-0.000935	-0.000537
0.000933	0.000538
-0.000931	-0.000539
0.000930	0.000541
-0.000928	-0.000542
0.000926	0.000543
-0.000924	-0.000544
0.000923	0.000545
-0.000921	-0.000547
0.000919	0.000548
-0.000917	-0.000549
0.000916	0.000550
-0.000914	-0.000551
0.000912	0.000553
-0.000910	-0.000554
0.000909	0.000555
-0.000907	-0.000556
0.000905	0.000557
-0.000903	-0.000559
0.000902	0.000560
-0.000900	-0.000561
0.000898	0.000562
-0.000896	-0.000563
0.000895	0.000564
-0.000814	-0.000516
0.000813	0.000517
-0.000811	-0.000518
0.000809	0.000519
-0.000808	-0.000520
0.000806	0.000521
-0.000805	-0.000522
0.000803	0.000523
-0.000801	-0.000524
0.000800	0.000526
-0.000798	-0.000527
0.000796	0.000528
-0.000795	-0.000529
0.000793	0.000530
-0.000792	-0.000531
0.000790	0.000532
-0.000788	-0.000533
0.000787	0.000534
-0.000785	-0.000535
0.000783	0.000536
-0.000782	-0.000537
0.000780	0.000538
-0.000778	-0.000539
0.000777	0.000540
-0.000775	-0.000542
0.000774	0.000543
-0.000772	-0.000544
0.000770	0.000545
-0.000769	-0.000546
0.000767	0.000547
-0.000765	-0.000548
0.000764	0.000549
-0.000762	-0.000550
0.000760	0.000551
-0.000759	-0.000552
0.000757	0.000553
-0.000755	-0.000554
0.000754	0.000555
-0.000752	-0.000556
0.000750	0.000557
-0.000749	-0.000558
0.000747	0.000559
-0.000745	-0.000560
0.000744	0.000561
-0.000742	-0.000563
0.000740	0.000564
-0.000739	-0.000565
0.000737	0.000566
-0.000735	-0.000567
0.000734	0.000568
-0.000732	-0.000569
0.000730	0.000570
-0.000729	-0.000571
0.000727	0.000572
-0.000725	-0.000573
0.000724	0.000574
-0.000722	-0.000575
0.000720	0.000576
-0.000719	-0.000577
0.000717	0.000578
-0.000715	-0.000579
0.000713	0.000580
-0.000712	-0.000581
0.000710	0.000582
-0.000708	-0.000583
0.000707	0.000584
-0.000705	-0.000585
0.000703	0.000586
-0.000702	-0.000587
0.000700	0.000588
-0.000698	-0.000589
0.000696	0.000590
-0.000695	-0.000591
0.000693	0.000592
-0.000691	-0.000593
0.000689	0.000594
-0.000688	-0.000595
0.000686	0.000596
-0.000684	-0.000597
0.000683	0.000598
-0.000681	-0.000599
0.000679	0.000600
-0.000677	-0.000601
0.000676	0.000602
-0.000674	-0.000603
0.000672	0.000604
-0.000670	-0.000605
0.000669	0.000606
-0.000667	-0.000607
0.000665	0.000608
-0.000663	-0.000609
0.000662	0.000610
-0.000660	-0.000611
0.000658	0.000612
-0.000656	-0.000613
0.000655	0.000614
-0.000653	-0.000615
0.000651	0.000615
-0.000649	-0.000616
0.000648	0.000617
-0.000646	-0.000618
0.000644	0.000619
-0.000642	-0.000620
0.000640	0.000621
-0.000639	-0.000622
0.000637	0.000623
-0.000635	-0.000624
0.000633	0.000625
-0.000632	-0.000626
0.000630	0.000627
-0.000628	-0.000628
0.000626	0.000629
-0.000624	-0.000630
0.000623	0.000631
-0.000621	-0.000631
0.000619	0.000632
-0.000617	-0.000633
0.000615	0.000634
-0.000614	-0.000635
0.000612	0.000636
-0.000610	-0.000637
0.000608	0.000638
-0.000606	-0.000639
0.000604	0.000640
-0.000603	-0.000641
0.000601	0.000641
-0.000599	-0.000642
0.000597	0.000643
-0.000595	-0.000644
0.000593	0.000645
-0.000592	-0.000646
0.000590	0.000647
-0.000588	-0.000648
0.000586	0.000649
-0.000584	-0.000649
0.000582	0.000650
-0.000581	-0.000651
0.000579	0.000652
-0.000577	-0.000653
0.000575	0.000654
-0.000573	-0.000655
0.000571	0.000655
-0.000569	-0.000656
0.000568	0.000657
-0.000566	-0.000658
0.000564	0.000659
-0.000562	-0.000660
0.000560	0.000661
-0.000558	-0.000661
0.000556	0.000662
-0.000554	-0.000663
0.000553	0.000664
-0.000551	-0.000665
0.000471	0.000571
-0.000469	-0.000572
0.000467	0.000572
-0.000466	-0.000573
0.000464	0.000574
-0.000463	-0.000574
0.000461	0.000575
-0.000459	-0.000576
0.000458	0.000577
-0.000456	-0.000577
0.000454	0.000578
-0.000453	-0.000579
0.000451	0.000579
-0.000450	-0.000580
0.000448	0.000581
-0.000446	-0.000581
0.000445	0.000582
-0.000443	-0.000583
0.000441	0.000583
-0.000440	-0.000584
0.000438	0.000585
-0.000436	-0.000585
0.000435	0.000586
-0.000433	-0.000587
0.000431	0.000587
-0.000430	-0.000588
0.000428	0.000589
-0.000426	-0.000589
0.000425	0.000590
-0.000423	-0.000591
0.000421	0.000591
-0.000420	-0.000592
0.000418	0.000592
-0.000416	-0.000593
0.000415	0.000594
-0.000413	-0.000594
0.000411	0.000595
-0.000410	-0.000596
0.000408	0.000596
-0.000406	-0.000597
0.000404	0.000597
-0.000403	-0.000598
0.000401	0.000599
-0.000399	-0.000599
0.000398	0.000600
-0.000396	-0.000600
0.000394	0.000601
-0.000393	-0.000602
0.000391	0.000602
-0.000389	-0.000603
0.000387	0.000603
-0.000386	-0.000604
0.000384	0.000604
-0.000382	-0.000605
0.000381	0.000606
-0.000379	-0.000606
0.000377	0.000607
-0.000375	-0.000607
0.000374	0.000608
-0.000372	-0.000608
0.000370	0.000609
-0.000369	-0.000610
0.000367	0.000610
-0.000365	-0.000611
0.000363	0.000611
-0.000362	-0.000612
0.000360	0.000612
-0.000358	-0.000613
0.000356	0.000613
-0.000355	-0.000614
0.000353	0.000614
-0.000351	-0.000615
0.000349	0.000615
-0.000348	-0.000616
0.000346	0.000616
-0.000344	-0.000617
0.000342	0.000617
-0.000341	-0.000618
0.000339	0.000618
-0.000337	-0.000619
0.000335	0.000619
-0.000333	-0.000620
0.000332	0.000620
-0.000330	-0.000621
0.000328	0.000621
-0.000326	-0.000622
0.000325	0.000622
-0.000323	-0.000623
0.000321	0.000623
-0.000319	-0.000624
0.000317	0.000624
-0.000316	-0.000625
0.000314	0.000625
-0.000312	-0.000625
0.000310	0.000626
-0.000308	-0.000626
0.000307	0.000627
-0.000305	-0.000627
0.000303	0.000628
-0.000301	-0.000628
0.000299	0.000628
-0.000298	-0.000629
0.000296	0.000629
-0.000294	-0.000630
0.000292	0.000630
-0.000290	-0.000630
0.000289	0.000631
-0.000287	-0.000631
0.000285	0.000632
-0.000283	-0.000632
0.000281	0.000632
-0.000280	-0.000633
0.000278	0.000633
-0.000276	-0.000634
0.000274	0.000634
-0.000272	-0.000634
0.000270	0.000635
-0.000269	-0.000635
0.000267	0.000635
-0.000265	-0.000636
0.000263	0.000636
-0.000261	-0.000636
0.000259	0.000637
-0.000258	-0.000637
0.000256	0.000637
-0.000254	-0.000638
0.000252	0.000638
-0.000250	-0.000638
0.000248	0.000639
-0.000246	-0.000639
0.000245	0.000639
-0.000243	-0.000640
0.000241	0.000640
-0.000239	-0.000640
0.000237	0.000640
-0.000235	-0.000641
0.000233	0.000641
-0.000232	-0.000641
0.000230	0.000642
-0.000228	-0.000642
0.000226	0.000642
-0.000224	-0.000642
0.000222	0.000643
-0.000220	-0.000643
0.000219	0.000643
-0.000217	-0.000643
0.000215	0.000644
-0.000213	-0.000644
0.000211	0.000644
-0.000209	-0.000644
0.000207	0.000644
-0.000205	-0.000645
0.000203	0.000645
-0.000202	-0.000645
0.000200	0.000645
-0.000198	-0.000645
0.000196	0.000646
-0.000194	-0.000646
0.000192	0.000646
-0.000190	-0.000646
0.000188	0.000646
-0.000186	-0.000647
0.000185	0.000647
-0.000183	-0.000647
0.000181	0.000647
-0.000179	-0.000647
0.000177	0.000647
-0.000175	-0.000648
0.000173	0.000648
-0.000171	-0.000648
0.000169	0.000648
-0.000167	-0.000648
0.000165	0.000648
-0.000164	-0.000648
0.000162	0.000648
-0.000160	-0.000649
0.000158	0.000649
-0.000156	-0.000649
0.000154	0.000649
-0.000152	-0.000649
0.000150	0.000649
-0.000148	-0.000649
0.000146	0.000649
-0.000144	-0.000649
0.000142	0.000649
-0.000141	-0.000649
0.000139	0.000649
-0.000137	-0.000650
0.000135	0.000650
-0.000133	-0.000650
0.000131	0.000650
-0.000129	-0.000650
0.000112	0.000575
-0.000111	-0.000575
0.000109	0.000575
-0.000107	-0.000575
0.000106	0.000575
-0.000104	-0.000575
0.000102	0.000575
-0.000100	-0.000575
0.000099	0.000575
-0.000097	-0.000575
0.000095	0.000575
-0.000093	-0.000575
0.000092	0.000575
-0.000090	-0.000575
0.000088	0.000575
-0.000087	-0.000574
0.000085	0.000574
-0.000083	-0.000574
0.000081	0.000574
-0.000080	-0.000574
0.000078	0.000574
-0.000076	-0.000574
0.000075	0.000574
-0.000073	-0.000574
0.000071	0.000574
-0.000069	-0.000574
0.000068	0.000574
-0.000066	-0.000574
0.000064	0.000574
-0.000062	-0.000573
0.000061	0.000573
-0.000059	-0.000573
0.000057	0.000573
-0.000056	-0.000573
0.000054	0.000573
-0.000052	-0.000573
0.000050	0.000573
-0.000049	-0.000572
0.000047	0.000572
-0.000045	-0.000572
0.000043	0.000572
-0.000042	-0.000572
0.000040	0.000572
-0.000038	-0.000572
0.000036	0.000571
-0.000035	-0.000571
0.000033	0.000571
-0.000031	-0.000571
0.000030	0.000571
-0.000028	-0.000570
0.000026	0.000570
-0.000024	-0.000570
0.000023	0.000570
-0.000021	-0.000570
0.000019	0.000569
-0.000017	-0.000569
0.000016	0.000569
-0.000014	-0.000569
0.000012	0.000568
-0.000010	-0.000568
0.000009	0.000568
-0.000007	-0.000568
0.000005	0.000567
-0.000003	-0.000567
0.000002	0.000567
0.000000	-0.000567
-0.000002	0.000566
0.000003	-0.000566
-0.000005	0.000566
0.000007	-0.000566
-0.000009	0.000565
0.000010	-0.000565
-0.000012	0.000565
0.000014	-0.000564
-0.000016	0.000564
0.000017	-0.000564
-0.000019	0.000563
0.000021	-0.000563
-0.000023	0.000563
0.000024	-0.000562
-0.000026	0.000562
0.000028	-0.000562
-0.000030	0.000561
0.000031	-0.000561
-0.000033	0.000561
0.000035	-0.000560
-0.000036	0.000560
0.000038	-0.000559
-0.000040	0.000559
0.000042	-0.000559
-0.000043	0.000558
0.000045	-0.000558
-0.000047	0.000557
0.000049	-0.000557
-0.000050	0.000557
0.000052	-0.000556
-0.000054	0.000556
0.000056	-0.000555
-0.000057	0.000555
0.000059	-0.000554
-0.000061	0.000554
0.000062	-0.000553
-0.000064	0.000553
0.000066	-0.000553
-0.000068	0.000552
0.000069	-0.000552
-0.000071	0.000551
0.000073	-0.000551
-0.000075	0.000550
0.000076	-0.000550
-0.000078	0.000549
0.000080	-0.000549
-0.000081	0.000548
0.000083	-0.000548
-0.000085	0.000547
0.000087	-0.000547
-0.000088	0.000546
0.000090	-0.000545
-0.000092	0.000545
0.000093	-0.000544
-0.000095	0.000544
0.000097	-0.000543
-0.000099	0.000543
0.000100	-0.000542
-0.000102	0.000542
0.000104	-0.000541
-0.000105	0.000540
0.000107	-0.000540
-0.000109	0.000539
0.000111	-0.000539
-0.000112	0.000538
0.000114	-0.000537
-0.000116	0.000537
0.000117	-0.000536
-0.000119	0.000535
0.000121	-0.000535
-0.000122	0.000534
0.000124	-0.000534
-0.000126	0.000533
0.000128	-0.000532
-0.000129	0.000532
0.000131	-0.000531
-0.000133	0.000530
0.000134	-0.000530
-0.000136	0.000529
0.000138	-0.000528
-0.000139	0.000527
0.000141	-0.000527
-0.000143	0.000526
0.000144	-0.000525
-0.000146	0.000525
0.000148	-0.000524
-0.000149	0.000523
0.000151	-0.000522
-0.000153	0.000522
0.000154	-0.000521
-0.000156	0.000520
0.000158	-0.000519
-0.000159	0.000519
0.000161	-0.000518
-0.000163	0.000517
0.000164	-0.000516
-0.000166	0.000516
0.000168	-0.000515
-0.000169	0.000514
0.000171	-0.000513
-0.000173	0.000512
0.000174	-0.000512
-0.000176	0.000511
0.000178	-0.000510
-0.000179	0.000509
0.000181	-0.000508
-0.000183	0.000507
0.000184	-0.000507
-0.000186	0.000506
0.000188	-0.000505
-0.000189	0.000504
0.000191	-0.000503
-0.000192	0.000502
0.000194	-0.000501
-0.000196	0.000501
0.000197	-0.000500
-0.000199	0.000499
0.000201	-0.000498
-0.000202	0.000497
0.000204	-0.000496
-0.000205	0.000495
0.000207	-0.000494
-0.000209	0.000493
0.000210	-0.000492
-0.000212	0.000491
0.000213	-0.000490
-0.000215	0.000489
0.000217	-0.000489
-0.000218	0.000488
0.000220	-0.000487
-0.000221	0.000486
0.000223	-0.000485
-0.000224	0.000484
0.000226	-0.000483
-0.000228	0.000482
0.000229	-0.000481
-0.000231	0.000480
0.000232	-0.000479
-0.000201	0.000410
0.000202	-0.000409
-0.000203	0.000408
0.000205	-0.000407
-0.000206	0.000406
0.000207	-0.000405
-0.000209	0.000404
0.000210	-0.000403
-0.000211	0.000403
0.000213	-0.000402
-0.000214	0.000401
0.000215	-0.000400
-0.000217	0.000399
0.000218	-0.000398
-0.000219	0.000397
0.000220	-0.000396
-0.000222	0.000395
0.000223	-0.000394
-0.000224	0.000393
0.000226	-0.000392
-0.000227	0.000391
0.000228	-0.000390
-0.000230	0.000389
0.000231	-0.000388
-0.000232	0.000387
0.000233	-0.000386
-0.000235	0.000385
0.000236	-0.000384
-0.000237	0.000383
0.000238	-0.000382
-0.000240	0.000381
0.000241	-0.000380
-0.000242	0.000379
0.000244	-0.000378
-0.000245	0.000377
0.000246	-0.000376
-0.000247	0.000375
0.000249	-0.000374
-0.000250	0.000373
0.000251	-0.000372
-0.000252	0.000371
0.000253	-0.000370
-0.000255	0.000369
0.000256	-0.000368
-0.000257	0.000367
0.000258	-0.000366
-0.000260	0.000364
0.000261	-0.000363
-0.000262	0.000362
0.000263	-0.000361
-0.000264	0.000360
0.000266	-0.000359
-0.000267	0.000358
0.000268	-0.000357
-0.000269	0.000356
0.000270	-0.000354
-0.000272	0.000353
0.000273	-0.000352
-0.000274	0.000351
0.000275	-0.000350
-0.000276	0.000349
0.000277	-0.000348
-0.000279	0.000346
0.000280	-0.000345
-0.000281	0.000344
0.000282	-0.000343
-0.000283	0.000342
0.000284	-0.000341
-0.000285	0.000339
0.000287	-0.000338
-0.000288	0.000337
0.000289	-0.000336
-0.000290	0.000335
0.000291	-0.000333
-0.000292	0.000332
0.000293	-0.000331
-0.000294	0.000330
0.000295	-0.000328
-0.000297	0.000327
0.000298	-0.000326
-0.000299	0.000325
0.000300	-0.000324
-0.000301	0.000322
0.000302	-0.000321
-0.000303	0.000320
0.000304	-0.000318
-0.000305	0.000317
0.000306	-0.000316
-0.000307	0.000315
0.000308	-0.000313
-0.000309	0.000312
0.000311	-0.000311
-0.000312	0.000310
0.000313	-0.000308
-0.000314	0.000307
0.000315	-0.000306
-0.000316	0.000304
0.000317	-0.000303
-0.000318	0.000302
0.000319	-0.000300
-0.000320	0.000299
0.000321	-0.000298
-0.000322	0.000296
0.000323	-0.000295
-0.000324	0.000294
0.000325	-0.000292
-0.000326	0.000291
0.000327	-0.000290
-0.000328	0.000288
0.000329	-0.000287
-0.000330	0.000286
0.000331	-0.000284
-0.000331	0.000283
0.000332	-0.000281
-0.000333	0.000280
0.000334	-0.000279
-0.000335	0.000277
0.000336	-0.000276
-0.000337	0.000274
0.000338	-0.000273
-0.000339	0.000272
0.000340	-0.000270
-0.000341	0.000269
0.000342	-0.000267
-0.000343	0.000266
0.000343	-0.000265
-0.000344	0.000263
0.000345	-0.000262
-0.000346	0.000260
0.000347	-0.000259
-0.000348	0.000257
0.000349	-0.000256
-0.000350	0.000255
0.000350	-0.000253
-0.000351	0.000252
0.000352	-0.000250
-0.000353	0.000249
0.000354	-0.000247
-0.000355	0.000246
0.000355	-0.000244
-0.000356	0.000243
0.000357	-0.000241
-0.000358	0.000240
0.000359	-0.000238
-0.000359	0.000237
0.000360	-0.000235
-0.000361	0.000234
0.000362	-0.000232
-0.000363	0.000231
0.000363	-0.000229
-0.000364	0.000228
0.000365	-0.000226
-0.000366	0.000225
0.000366	-0.000223
-0.000367	0.000222
0.000368	-0.000220
-0.000368	0.000219
0.000369	-0.000217
-0.000370	0.000215
0.000371	-0.000214
-0.000371	0.000212
0.000372	-0.000211
-0.000373	0.000209
0.000373	-0.000208
-0.000374	0.000206
0.000375	-0.000205
-0.000375	0.000203
0.000376	-0.000201
-0.000377	0.000200
0.000377	-0.000198
-0.000378	0.000197
0.000379	-0.000195
-0.000379	0.000194
0.000380	-0.000192
-0.000381	0.000190
0.000381	-0.000189
-0.000382	0.000187
0.000382	-0.000186
-0.000383	0.000184
0.000384	-0.000182
-0.000384	0.000181
0.000385	-0.000179
-0.000385	0.000177
0.000386	-0.000176
-0.000387	0.000174
0.000387	-0.000173
-0.000388	0.000171
0.000388	-0.000169
-0.000389	0.000168
0.000389	-0.000166
-0.000390	0.000164
0.000390	-0.000163
-0.000391	0.000161
0.000391	-0.000160
-0.000392	0.000158
0.000392	-0.000156
-0.000393	0.000155
0.000393	-0.000153
-0.000394	0.000151
0.000394	-0.000150
-0.000395	0.000148
0.000395	-0.000146
-0.000396	0.000145
0.000396	-0.000143
-0.000396	0.000141
0.000397	-0.000140
-0.000397	0.000138
0.000398	-0.000136
-0.000398	0.000135
0.000399	-0.000133
-0.000399	0.000131
0.000399	-0.000129
-0.000400	0.000128
0.000400	-0.000126
-0.000400	0.000124
0.000401	-0.000123
-0.000401	0.000121
0.000402	-0.000119
-0.000402	0.000118
0.000402	-0.000116
-0.000403	0.000114
0.000403	-0.000112
-0.000403	0.000111
0.000404	-0.000109
-0.000404	0.000107
0.000404	-0.000106
-0.000404	0.000104
0.000405	-0.000102
-0.000405	0.000100
0.000405	-0.000099
-0.000406	0.000097
0.000406	-0.000095
-0.000406	0.000094
0.000406	-0.000092
-0.000406	0.000090
0.000407	-0.000088
-0.000407	0.000087
0.000407	-0.000085
-0.000407	0.000083
0.000408	-0.000081
-0.000408	0.000080
0.000408	-0.000078
-0.000408	0.000076
0.000408	-0.000074
-0.000291	0.000052
0.000292	-0.000051
-0.000292	0.000049
0.000292	-0.000048
-0.000292	0.000047
0.000292	-0.000046
-0.000292	0.000044
0.000292	-0.000043
-0.000292	0.000042
0.000292	-0.000041
-0.000292	0.000039
0.000292	-0.000038
-0.000292	0.000037
0.000292	-0.000036
-0.000293	0.000034
0.000293	-0.000033
-0.000293	0.000032
0.000293	-0.000031
-0.000293	0.000029
0.000293	-0.000028
-0.000293	0.000027
0.000293	-0.000025
-0.000293	0.000024
0.000293	-0.000023
-0.000293	0.000022
0.000293	-0.000020
-0.000293	0.000019
0.000293	-0.000018
-0.000293	0.000017
0.000293	-0.000015
-0.000293	0.000014
0.000292	-0.000013
-0.000292	0.000012
0.000292	-0.000010
-0.000292	0.000009
0.000292	-0.000008
-0.000292	0.000007
0.000292	-0.000005
-0.000292	0.000004
0.000292	-0.000003
-0.000292	0.000001
0.000292	-0.000000
-0.000292	-0.000001
0.000292	0.000002
-0.000291	-0.000004
0.000291	0.000005
-0.000291	-0.000006
0.000291	0.000007
-0.000291	-0.000009
0.000291	0.000010
-0.000291	-0.000011
0.000290	0.000012
-0.000290	-0.000014
0.000290	0.000015
-0.000290	-0.000016
0.000290	0.000018
-0.000290	-0.000019
0.000289	0.000020
-0.000289	-0.000021
0.000289	0.000023
-0.000289	-0.000024
0.000289	0.000025
-0.000288	-0.000026
0.000288	0.000028
-0.000288	-0.000029
0.000288	0.000030
-0.000288	-0.000031
0.000287	0.000033
-0.000287	-0.000034
0.000287	0.000035
-0.000287	-0.000036
0.000286	0.000038
-0.000286	-0.000039
0.000286	0.000040
-0.000286	-0.000041
0.000285	0.000043
-0.000285	-0.000044
0.000285	0.000045
-0.000284	-0.000046
0.000284	0.000048
-0.000284	-0.000049
0.000283	0.000050
-0.000283	-0.000051
0.000283	0.000053
-0.000282	-0.000054
0.000282	0.000055
-0.000282	-0.000056
0.000281	0.000058
-0.000281	-0.000059
0.000281	0.000060
-0.000280	-0.000061
0.000280	0.000063
-0.000280	-0.000064
0.000279	0.000065
-0.000279	-0.000066
0.000278	0.000068
-0.000278	-0.000069
0.000278	0.000070
-0.000277	-0.000071
0.000277	0.000072
-0.000276	-0.000074
0.000276	0.000075
-0.000276	-0.000076
0.000275	0.000077
-0.000275	-0.000079
0.000274	0.000080
-0.000274	-0.000081
0.000273	0.000082
-0.000273	-0.000083
0.000272	0.000085
-0.000272	-0.000086
0.000271	0.000087
-0.000271	-0.000088
0.000270	0.000089
-0.000270	-0.000091
0.000269	0.000092
-0.000269	-0.000093
0.000268	0.000094
-0.000268	-0.000095
0.000267	0.000097
-0.000267	-0.000098
0.000266	0.000099
-0.000266	-0.000100
0.000265	0.000101
-0.000265	-0.000103
0.000264	0.000104
-0.000263	-0.000105
0.000263	0.000106
-0.000262	-0.000107
0.000262	0.000108
-0.000261	-0.000110
0.000261	0.000111
-0.000260	-0.000112
0.000259	0.000113
-0.000259	-0.000114
0.000258	0.000115
-0.000258	-0.000117
0.000257	0.000118
-0.000256	-0.000119
0.000256	0.000120
-0.000255	-0.000121
0.000254	0.000122
-0.000254	-0.000123
0.000253	0.000125
-0.000252	-0.000126
0.000252	0.000127
-0.000251	-0.000128
0.000250	0.000129
-0.000250	-0.000130
0.000249	0.000131
-0.000248	-0.000132
0.000248	0.000134
-0.000247	-0.000135
0.000246	0.000136
-0.000245	-0.000137
0.000245	0.000138
-0.000244	-0.000139
0.000243	0.000140
-0.000243	-0.000141
0.000242	0.000142
-0.000241	-0.000143
0.000240	0.000145
-0.000240	-0.000146
0.000239	0.000147
-0.000238	-0.000148
0.000237	0.000149
-0.000236	-0.000150
0.000236	0.000151
-0.000235	-0.000152
0.000234	0.000153
-0.000233	-0.000154
0.000232	0.000155
-0.000232	-0.000156
0.000231	0.000157
-0.000230	-0.000158
0.000229	0.000159
-0.000228	-0.000160
0.000228	0.000161
-0.000227	-0.000162
0.000226	0.000163
-0.000225	-0.000165
0.000224	0.000166
-0.000223	-0.000167
0.000222	0.000168
-0.000222	-0.000169
0.000221	0.000170
-0.000220	-0.000171
0.000219	0.000172
-0.000218	-0.000173
0.000217	0.000174
-0.000216	-0.000174
0.000215	0.000175
-0.000214	-0.000176
0.000214	0.000177
-0.000213	-0.000178
0.000212	0.000179
-0.000211	-0.000180
0.000210	0.000181
-0.000209	-0.000182
0.000208	0.000183
-0.000207	-0.000184
0.000206	0.000185
-0.000205	-0.000186
0.000204	0.000187
-0.000203	-0.000188
0.000202	0.000189
-0.000201	-0.000190
0.000200	0.000191
-0.000199	-0.000191
0.000198	0.000192
-0.000197	-0.000193
0.000196	0.000194
-0.000195	-0.000195
0.000194	0.000196
-0.000193	-0.000197
0.000192	0.000198
-0.000191	-0.000199
0.000190	0.000199
-0.000189	-0.000200
0.000188	0.000201
-0.000187	-0.000202
0.000186	0.000203
-0.000185	-0.000204
0.000184	0.000205
-0.000183	-0.000205
0.000182	0.000206
-0.000181	-0.000207
0.000180	0.000208
-0.000179	-0.000209
0.000177	0.000209
-0.000176	-0.000210
0.000175	0.000211
-0.000174	-0.000212
0.000173	0.000213
-0.000172	-0.000213
0.000171	0.000214
-0.000170	-0.000215
0.000169	0.000216
-0.000168	-0.000217
0.000166	0.000217
-0.000165	-0.000218
0.000164	0.000219
-0.000163	-0.000220
0.000162	0.000220
-0.000161	-0.000221
0.000160	0.000222
-0.000159	-0.000222
0.000157	0.000223
-0.000156	-0.000224
0.000155	0.000225
-0.000154	-0.000225
0.000153	0.000226
-0.000152	-0.000227
0.000150	0.000227
-0.000149	-0.000228
0.000148	0.000229
-0.000147	-0.000229
0.000146	0.000230
-0.000144	-0.000231
0.000143	0.000231
-0.000142	-0.000232
0.000141	0.000233
-0.000140	-0.000233
0.000138	0.000234
-0.000137	-0.000234
0.000136	0.000235
-0.000135	-0.000236
0.000134	0.000236
-0.000132	-0.000237
0.000131	0.000237
-0.000130	-0.000238
0.000129	0.000239
-0.000127	-0.000239
0.000126	0.000240
-0.000125	-0.000240
0.000124	0.000241
-0.000122	-0.000241
0.000121	0.000242
-0.000120	-0.000243
0.000119	0.000243
-0.000117	-0.000244
0.000116	0.000244
-0.000115	-0.000245
0.000114	0.000245
-0.000112	-0.000246
0.000111	0.000246
-0.000110	-0.000247
0.000108	0.000247
-0.000107	-0.000248
0.000106	0.000248
-0.000105	-0.000248
0.000103	0.000249
-0.000102	-0.000249
0.000101	0.000250
-0.000099	-0.000250
0.000098	0.000251
-0.000097	-0.000251
0.000095	0.000252
-0.000094	-0.000252
0.000093	0.000252
-0.000092	-0.000253
0.000090	0.000253
-0.000089	-0.000254
0.000088	0.000254
-0.000086	-0.000254
0.000085	0.000255
-0.000084	-0.000255
0.000082	0.000255
-0.000081	-0.000256
0.000080	0.000256
-0.000078	-0.000256
0.000077	0.000257
-0.000076	-0.000257
0.000074	0.000257
-0.000073	-0.000258
0.000071	0.000258
-0.000070	-0.000258
0.000069	0.000258
-0.000067	-0.000259
0.000055	0.000215
-0.000054	-0.000216
0.000053	0.000216
-0.000052	-0.000216
0.000050	0.000216
-0.000049	-0.000216
0.000048	0.000217
-0.000047	-0.000217
0.000046	0.000217
-0.000045	-0.000217
0.000044	0.000217
-0.000042	-0.000218
0.000041	0.000218
-0.000040	-0.000218
0.000039	0.000218
-0.000038	-0.000218
0.000037	0.000218
-0.000036	-0.000218
0.000034	0.000219
-0.000033	-0.000219
0.000032	0.000219
-0.000031	-0.000219
0.000030	0.000219
-0.000029	-0.000219
0.000027	0.000219
-0.000026	-0.000219
0.000025	0.000219
-0.000024	-0.000219
0.000023	0.000219
-0.000022	-0.000219
0.000021	0.000219
-0.000019	-0.000220
0.000018	0.000220
-0.000017	-0.000220
0.000016	0.000220
-0.000015	-0.000220
0.000014	0.000220
-0.000012	-0.000220
0.000011	0.000220
-0.000010	-0.000220
0.000009	0.000220
-0.000008	-0.000220
0.000007	0.000220
-0.000005	-0.000220
0.000004	0.000220
-0.000003	-0.000219
0.000002	0.000219
-0.000001	-0.000219
-0.000000	0.000219
0.000002	-0.000219
-0.000003	0.000219
0.000004	-0.000219
-0.000005	0.000219
0.000006	-0.000219
-0.000007	0.000219
0.000009	-0.000219
-0.000010	0.000219
0.000011	-0.000218
-0.000012	0.000218
0.000013	-0.000218
-0.000014	0.000218
0.000016	-0.000218
-0.000017	0.000218
0.000018	-0.000218
-0.000019	0.000218
0.000020	-0.000217
-0.000021	0.000217
0.000023	-0.000217
-0.000024	0.000217
0.000025	-0.000217
-0.000026	0.000216
0.000027	-0.000216
-0.000028	0.000216
0.000029	-0.000216
-0.000031	0.000216
0.000032	-0.000215
-0.000033	0.000215
0.000034	-0.000215
-0.000035	0.000215
0.000036	-0.000214
-0.000038	0.000214
0.000039	-0.000214
-0.000040	0.000214
0.000041	-0.000213
-0.000042	0.000213
0.000043	-0.000213
-0.000044	0.000212
0.000046	-0.000212
-0.000047	0.000212
0.000048	-0.000211
-0.000049	0.000211
0.000050	-0.000211
-0.000051	0.000211
0.000052	-0.000210
-0.000054	0.000210
0.000055	-0.000209
-0.000056	0.000209
0.000057	-0.000209
-0.000058	0.000208
0.000059	-0.000208
-0.000060	0.000208
0.000061	-0.000207
-0.000062	0.000207
0.000064	-0.000206
-0.000065	0.000206
0.000066	-0.000206
-0.000067	0.000205
0.000068	-0.000205
-0.000069	0.000204
0.000070	-0.000204
-0.000071	0.000203
0.000072	-0.000203
-0.000074	0.000203
0.000075	-0.000202
-0.000076	0.000202
0.000077	-0.000201
-0.000078	0.000201
0.000079	-0.000200
-0.000080	0.000200
0.000081	-0.000199
-0.000082	0.000199
0.000083	-0.000198
-0.000084	0.000198
0.000085	-0.000197
-0.000087	0.000197
0.000088	-0.000196
-0.000089	0.000196
0.000090	-0.000195
-0.000091	0.000194
0.000092	-0.000194
-0.000093	0.000193
0.000094	-0.000193
-0.000095	0.000192
0.000096	-0.000192
-0.000097	0.000191
0.000098	-0.000190
-0.000099	0.000190
0.000100	-0.000189
-0.000101	0.000189
0.000102	-0.000188
-0.000103	0.000187
0.000104	-0.000187
-0.000105	0.000186
0.000106	-0.000185
-0.000107	0.000185
0.000108	-0.000184
-0.000109	0.000183
0.000110	-0.000183
-0.000111	0.000182
0.000112	-0.000181
-0.000113	0.000181
0.000114	-0.000180
-0.000115	0.000179
0.000116	-0.000179
-0.000117	0.000178
0.000118	-0.000177
-0.000119	0.000177
0.000120	-0.000176
-0.000121	0.000175
0.000122	-0.000174
-0.000123	0.000174
0.000124	-0.000173
-0.000125	0.000172
0.000126	-0.000171
-0.000127	0.000171
0.000128	-0.000170
-0.000129	0.000169
0.000129	-0.000168
-0.000130	0.000168
0.000131	-0.000167
-0.000132	0.000166
0.000133	-0.000165
-0.000134	0.000164
0.000135	-0.000164
-0.000136	0.000163
0.000137	-0.000162
-0.000138	0.000161
0.000138	-0.000160
-0.000139	0.000159
0.000140	-0.000159
-0.000141	0.000158
0.000142	-0.000157
-0.000143	0.000156
0.000144	-0.000155
-0.000144	0.000154
0.000145	-0.000153
-0.000146	0.000153
0.000147	-0.000152
-0.000148	0.000151
0.000149	-0.000150
-0.000149	0.000149
0.000150	-0.000148
-0.000151	0.000147
0.000152	-0.000146
-0.000153	0.000145
0.000153	-0.000144
-0.000154	0.000144
0.000155	-0.000143
-0.000156	0.000142
0.000157	-0.000141
-0.000157	0.000140
0.000158	-0.000139
-0.000159	0.000138
0.000160	-0.000137
-0.000160	0.000136
0.000161	-0.000135
-0.000162	0.000134
0.000163	-0.000133
-0.000163	0.000132
0.000164	-0.000131
-0.000165	0.000130
0.000165	-0.000129
-0.000166	0.000128
0.000167	-0.000127
-0.000168	0.000126
0.000168	-0.000125
-0.000169	0.000124
0.000170	-0.000123
-0.000170	0.000122
0.000171	-0.000121
-0.000172	0.000120
0.000172	-0.000119
-0.000173	0.000118
0.000174	-0.000117
-0.000174	0.000116
0.000175	-0.000115
-0.000175	0.000114
0.000176	-0.000113
-0.000177	0.000112
0.000177	-0.000111
-0.000178	0.000110
0.000178	-0.000108
-0.000179	0.000107
0.000180	-0.000106
-0.000180	0.000105
0.000181	-0.000104
-0.000181	0.000103
0.000182	-0.000102
-0.000182	0.000101
0.000183	-0.000100
-0.000184	0.000099
0.000184	-0.000098
-0.000185	0.000096
0.000185	-0.000095
-0.000186	0.000094
0.000186	-0.000093
-0.000187	0.000092
0.000187	-0.000091
-0.000188	0.000090
0.000188	-0.000089
-0.000189	0.000087
0.000189	-0.000086
-0.000190	0.000085
0.000190	-0.000084
-0.000190	0.000083
0.000191	-0.000082
-0.000191	0.000081
0.000192	-0.000079
-0.000192	0.000078
0.000193	-0.000077
-0.000193	0.000076
0.000193	-0.000075
-0.000194	0.000074
0.000194	-0.000072
-0.000195	0.000071
0.000195	-0.000070
-0.000195	0.000069
0.000196	-0.000068
-0.000196	0.000066
0.000196	-0.000065
-0.000197	0.000064
0.000197	-0.000063
-0.000197	0.000062
0.000198	-0.000060
-0.000198	0.000059
0.000198	-0.000058
-0.000199	0.000057
0.000199	-0.000056
-0.000199	0.000054
0.000199	-0.000053
-0.000200	0.000052
0.000200	-0.000051
-0.000200	0.000050
0.000200	-0.000048
-0.000201	0.000047
0.000201	-0.000046
-0.000201	0.000045
0.000201	-0.000044
-0.000201	0.000042
0.000202	-0.000041
-0.000202	0.000040
0.000202	-0.000039
-0.000202	0.000037
0.000202	-0.000036
-0.000203	0.000035
0.000203	-0.000034
-0.000203	0.000032
0.000203	-0.000031
-0.000203	0.000030
0.000203	-0.000029
-0.000203	0.000027
0.000204	-0.000026
-0.000204	0.000025
0.000204	-0.000024
-0.000204	0.000023
0.000204	-0.000021
-0.000204	0.000020
0.000186	-0.000017
-0.000186	0.000016
0.000186	-0.000015
-0.000186	0.000014
0.000186	-0.000013
-0.000186	0.000011
0.000186	-0.000010
-0.000186	0.000009
0.000186	-0.000008
-0.000186	0.000007
0.000186	-0.000006
-0.000186	0.000005
0.000186	-0.000003
-0.000186	0.000002
0.000186	-0.000001
