4096
0.000000	0.000000
-0.000001	0.500000
-0.269882	-0.000002
0.107057	0.000001
-0.002942	-0.000000
0.013992	0.000001
-0.009736	-0.000001
0.001942	0.000000
-0.005952	-0.000001
0.001750	0.000000
-0.001294	-0.000000
0.001534	0.000000
-0.000433	-0.000000
0.001327	0.000000
-0.000653	-0.000000
0.000677	0.000000
-0.000264	-0.000000
0.000338	0.000000
-0.000501	-0.000000
0.000940	0.000001
-0.000752	-0.000000
0.001031	0.000001
-0.001881	-0.000001
0.000812	0.000001
-0.001156	-0.000001
0.001026	0.000001
-0.000888	-0.000001
0.000871	0.000001
-0.000757	-0.000001
0.000699	0.000001
-0.000667	-0.000001
0.000617	0.000001
-0.000607	-0.000001
0.000598	0.000001
-0.000589	-0.000001
0.000599	0.000001
-0.000628	-0.000001
0.000619	0.000001
-0.000611	-0.000001
0.000603	0.000001
-0.000596	-0.000001
0.000571	0.000001
-0.000514	-0.000001
0.000478	0.000001
-0.000473	-0.000001
0.000467	0.000001
-0.000462	-0.000001
0.000457	0.000002
-0.000452	-0.000002
0.000361	0.000001
-0.000358	-0.000001
0.000354	0.000001
-0.000351	-0.000001
0.000347	0.000001
-0.000344	-0.000002
0.000341	0.000002
-0.000338	-0.000002
0.000335	0.000002
-0.000332	-0.000002
0.000250	0.000001
-0.000248	-0.000001
0.000246	0.000001
-0.000244	-0.000001
0.000242	0.000001
-0.000240	-0.000001
0.000238	0.000002
-0.000236	-0.000002
0.000234	0.000002
-0.000233	-0.000002
0.000181	0.000001
-0.000179	-0.000001
0.000178	0.000001
-0.000177	-0.000001
0.000176	0.000001
-0.000175	-0.000001
0.000173	0.000001
-0.000172	-0.000001
0.000171	0.000002
-0.000170	-0.000002
0.000169	0.000002
-0.000168	-0.000002
0.000167	0.000002
-0.000134	-0.000001
0.000133	0.000001
-0.000132	-0.000001
0.000131	0.000001
-0.000131	-0.000001
0.000130	0.000001
-0.000129	-0.000001
0.000128	0.000002
-0.000128	-0.000002
0.000127	0.000002
-0.000126	-0.000002
0.000126	0.000002
-0.000125	-0.000002
0.000124	0.000002
-0.000124	-0.000002
0.000123	0.000002
-0.000122	-0.000002
0.000122	0.000002
-0.000121	-0.000002
0.000121	0.000002
-0.000120	-0.000002
0.000119	0.000002
-0.000119	-0.000002
0.000118	0.000002
-0.000095	-0.000002
0.000094	0.000002
-0.000094	-0.000002
0.000094	0.000002
-0.000093	-0.000002
0.000093	0.000002
-0.000092	-0.000002
0.000092	0.000002
-0.000092	-0.000002
0.000091	0.000002
-0.000091	-0.000002
0.000090	0.000002
-0.000090	-0.000002
0.000090	0.000002
-0.000089	-0.000002
0.000089	0.000002
-0.000089	-0.000002
0.000088	0.000002
-0.000088	-0.000002
0.000087	0.000002
-0.000087	-0.000002
0.000087	0.000002
-0.000086	-0.000002
0.000086	0.000002
-0.000086	-0.000002
0.000085	0.000002
-0.000085	-0.000002
0.000085	0.000002
-0.000084	-0.000002
0.000084	0.000002
-0.000084	-0.000002
0.000084	0.000002
-0.000083	-0.000002
0.000083	0.000002
-0.000078	-0.000002
0.000077	0.000002
-0.000077	-0.000002
0.000077	0.000002
-0.000077	-0.000002
0.000076	0.000002
-0.000076	-0.000002
0.000076	0.000002
-0.000076	-0.000002
0.000075	0.000003
-0.000075	-0.000003
0.000075	0.000003
-0.000075	-0.000003
0.000074	0.000003
-0.000074	-0.000003
0.000074	0.000003
-0.000074	-0.000003
0.000073	0.000003
-0.000073	-0.000003
0.000073	0.000003
-0.000073	-0.000003
0.000072	0.000003
-0.000072	-0.000003
0.000072	0.000003
-0.000072	-0.000003
0.000072	0.000003
-0.000071	-0.000003
0.000071	0.000003
-0.000071	-0.000003
0.000071	0.000003
-0.000070	-0.000003
0.000070	0.000003
-0.000070	-0.000003
0.000070	0.000003
-0.000070	-0.000003
0.000069	0.000003
-0.000069	-0.000003
0.000069	0.000003
-0.000069	-0.000003
0.000069	0.000003
-0.000069	-0.000003
0.000068	0.000003
-0.000068	-0.000003
0.000068	0.000003
-0.000068	-0.000003
0.000068	0.000003
-0.000067	-0.000003
0.000067	0.000004
-0.000067	-0.000004
0.000067	0.000004
-0.000067	-0.000004
0.000066	0.000004
-0.000066	-0.000004
0.000066	0.000004
-0.000066	-0.000004
0.000066	0.000004
-0.000066	-0.000004
0.000065	0.000004
-0.000065	-0.000004
0.000065	0.000004
-0.000065	-0.000004
0.000065	0.000004
-0.000065	-0.000004
0.000064	0.000004
-0.000064	-0.000004
0.000064	0.000004
-0.000064	-0.000004
0.000064	0.000004
-0.000064	-0.000004
0.000064	0.000004
-0.000063	-0.000004
0.000063	0.000004
-0.000063	-0.000004
0.000063	0.000004
-0.000063	-0.000004
0.000063	0.000004
-0.000062	-0.000004
0.000057	0.000004
-0.000057	-0.000004
0.000057	0.000004
-0.000056	-0.000004
0.000056	0.000004
-0.000056	-0.000004
0.000056	0.000004
-0.000056	-0.000004
0.000056	0.000004
-0.000056	-0.000004
0.000056	0.000004
-0.000055	-0.000004
0.000055	0.000004
-0.000055	-0.000004
0.000055	0.000004
-0.000055	-0.000004
0.000055	0.000004
-0.000055	-0.000004
0.000055	0.000005
-0.000054	-0.000005
0.000054	0.000005
-0.000054	-0.000005
0.000054	0.000005
-0.000054	-0.000005
0.000054	0.000005
-0.000054	-0.000005
0.000054	0.000005
-0.000054	-0.000005
0.000053	0.000005
-0.000053	-0.000005
0.000053	0.000005
-0.000053	-0.000005
0.000053	0.000005
-0.000053	-0.000005
0.000053	0.000005
-0.000053	-0.000005
0.000053	0.000005
-0.000052	-0.000005
0.000052	0.000005
-0.000052	-0.000005
0.000052	0.000005
-0.000052	-0.000005
0.000052	0.000005
-0.000052	-0.000005
0.000052	0.000005
-0.000052	-0.000005
0.000052	0.000005
-0.000051	-0.000005
0.000051	0.000005
-0.000051	-0.000005
0.000051	0.000005
-0.000051	-0.000006
0.000051	0.000006
-0.000051	-0.000006
0.000051	0.000006
-0.000051	-0.000006
0.000051	0.000006
-0.000050	-0.000006
0.000050	0.000006
-0.000050	-0.000006
0.000050	0.000006
-0.000050	-0.000006
0.000050	0.000006
-0.000050	-0.000006
0.000050	0.000006
-0.000050	-0.000006
0.000050	0.000006
-0.000049	-0.000006
0.000049	0.000006
-0.000049	-0.000006
0.000049	0.000006
-0.000049	-0.000006
0.000049	0.000006
-0.000049	-0.000006
0.000049	0.000006
-0.000049	-0.000006
0.000049	0.000006
-0.000049	-0.000006
0.000048	0.000006
-0.000048	-0.000006
0.000048	0.000006
-0.000048	-0.000006
0.000048	0.000006
-0.000048	-0.000007
0.000048	0.000007
-0.000048	-0.000007
0.000048	0.000007
-0.000048	-0.000007
0.000048	0.000007
-0.000048	-0.000007
0.000047	0.000007
-0.000047	-0.000007
0.000047	0.000007
-0.000047	-0.000007
0.000047	0.000007
-0.000047	-0.000007
0.000047	0.000007
-0.000047	-0.000007
0.000047	0.000007
-0.000047	-0.000007
0.000047	0.000007
-0.000047	-0.000007
0.000046	0.000007
-0.000046	-0.000007
0.000046	0.000007
-0.000046	-0.000007
0.000046	0.000007
-0.000046	-0.000007
0.000046	0.000007
-0.000046	-0.000007
0.000046	0.000007
-0.000046	-0.000007
0.000046	0.000007
-0.000046	-0.000008
0.000046	0.000008
-0.000045	-0.000008
0.000045	0.000008
-0.000045	-0.000008
0.000045	0.000008
-0.000045	-0.000008
0.000045	0.000008
-0.000045	-0.000008
0.000045	0.000008
-0.000045	-0.000008
0.000045	0.000008
-0.000045	-0.000008
0.000045	0.000008
-0.000045	-0.000008
0.000045	0.000008
-0.000044	-0.000008
0.000044	0.000008
-0.000044	-0.000008
0.000044	0.000008
-0.000044	-0.000008
0.000044	0.000008
-0.000044	-0.000008
0.000044	0.000008
-0.000044	-0.000008
0.000044	0.000008
-0.000044	-0.000008
0.000044	0.000008
-0.000044	-0.000008
0.000044	0.000009
-0.000043	-0.000009
0.000043	0.000009
-0.000043	-0.000009
0.000034	0.000007
-0.000034	-0.000007
0.000034	0.000007
-0.000034	-0.000007
0.000034	0.000007
-0.000034	-0.000007
0.000034	0.000007
-0.000033	-0.000007
0.000033	0.000007
-0.000033	-0.000007
0.000033	0.000007
-0.000033	-0.000007
0.000033	0.000007
-0.000033	-0.000007
0.000033	0.000007
-0.000033	-0.000007
0.000033	0.000007
-0.000033	-0.000007
0.000033	0.000007
-0.000033	-0.000007
0.000033	0.000007
-0.000033	-0.000007
0.000033	0.000007
-0.000033	-0.000007
0.000033	0.000007
-0.000033	-0.000007
0.000032	0.000007
-0.000032	-0.000008
0.000032	0.000008
-0.000032	-0.000008
0.000032	0.000008
-0.000032	-0.000008
0.000032	0.000008
-0.000032	-0.000008
0.000032	0.000008
-0.000032	-0.000008
0.000032	0.000008
-0.000032	-0.000008
0.000032	0.000008
-0.000032	-0.000008
0.000032	0.000008
-0.000032	-0.000008
0.000032	0.000008
-0.000032	-0.000008
0.000032	0.000008
-0.000032	-0.000008
0.000031	0.000008
-0.000031	-0.000008
0.000031	0.000008
-0.000031	-0.000008
0.000031	0.000008
-0.000031	-0.000008
0.000031	0.000008
-0.000031	-0.000008
0.000031	0.000008
-0.000031	-0.000008
0.000031	0.000008
-0.000031	-0.000008
0.000031	0.000008
-0.000031	-0.000008
0.000031	0.000008
-0.000031	-0.000008
0.000031	0.000009
-0.000031	-0.000009
0.000031	0.000009
-0.000031	-0.000009
0.000031	0.000009
-0.000030	-0.000009
0.000030	0.000009
-0.000030	-0.000009
0.000030	0.000009
-0.000030	-0.000009
0.000030	0.000009
-0.000030	-0.000009
0.000030	0.000009
-0.000030	-0.000009
0.000030	0.000009
-0.000030	-0.000009
0.000030	0.000009
-0.000030	-0.000009
0.000030	0.000009
-0.000030	-0.000009
0.000030	0.000009
-0.000030	-0.000009
0.000030	0.000009
-0.000030	-0.000009
0.000030	0.000009
-0.000030	-0.000009
0.000030	0.000009
-0.000029	-0.000009
0.000029	0.000009
-0.000029	-0.000009
0.000029	0.000009
-0.000029	-0.000009
0.000029	0.000009
-0.000029	-0.000009
0.000029	0.000010
-0.000029	-0.000010
0.000029	0.000010
-0.000029	-0.000010
0.000029	0.000010
-0.000029	-0.000010
0.000029	0.000010
-0.000029	-0.000010
0.000029	0.000010
-0.000029	-0.000010
0.000029	0.000010
-0.000029	-0.000010
0.000029	0.000010
-0.000029	-0.000010
0.000029	0.000010
-0.000029	-0.000010
0.000028	0.000010
-0.000028	-0.000010
0.000028	0.000010
-0.000028	-0.000010
0.000028	0.000010
-0.000028	-0.000010
0.000028	0.000010
-0.000028	-0.000010
0.000028	0.000010
-0.000028	-0.000010
0.000028	0.000010
-0.000028	-0.000010
0.000028	0.000010
-0.000028	-0.000010
0.000028	0.000010
-0.000028	-0.000010
0.000028	0.000010
-0.000028	-0.000011
0.000028	0.000011
-0.000028	-0.000011
0.000028	0.000011
-0.000028	-0.000011
0.000027	0.000011
-0.000027	-0.000011
0.000027	0.000011
-0.000027	-0.000011
0.000027	0.000011
-0.000027	-0.000011
0.000027	0.000011
-0.000027	-0.000011
0.000027	0.000011
-0.000027	-0.000011
0.000027	0.000011
-0.000027	-0.000011
0.000027	0.000011
-0.000027	-0.000011
0.000027	0.000011
-0.000027	-0.000011
0.000027	0.000011
-0.000027	-0.000011
0.000027	0.000011
-0.000027	-0.000011
0.000027	0.000011
-0.000027	-0.000011
0.000027	0.000011
-0.000027	-0.000011
0.000026	0.000011
-0.000026	-0.000011
0.000026	0.000011
-0.000026	-0.000011
0.000026	0.000012
-0.000026	-0.000012
0.000026	0.000012
-0.000026	-0.000012
0.000026	0.000012
-0.000026	-0.000012
0.000026	0.000012
-0.000026	-0.000012
0.000026	0.000012
-0.000026	-0.000012
0.000026	0.000012
-0.000026	-0.000012
0.000026	0.000012
-0.000026	-0.000012
0.000026	0.000012
-0.000026	-0.000012
0.000026	0.000012
-0.000026	-0.000012
0.000026	0.000012
-0.000025	-0.000012
0.000025	0.000012
-0.000025	-0.000012
0.000025	0.000012
-0.000025	-0.000012
0.000025	0.000012
-0.000025	-0.000012
0.000025	0.000012
-0.000025	-0.000012
0.000025	0.000012
-0.000025	-0.000012
0.000025	0.000012
-0.000025	-0.000012
0.000025	0.000012
-0.000025	-0.000013
0.000025	0.000013
-0.000025	-0.000013
0.000022	0.000011
-0.000022	-0.000011
0.000022	0.000011
-0.000022	-0.000011
0.000022	0.000011
-0.000022	-0.000011
0.000022	0.000011
-0.000022	-0.000011
0.000022	0.000011
-0.000022	-0.000011
0.000021	0.000011
-0.000021	-0.000011
0.000021	0.000011
-0.000021	-0.000012
0.000021	0.000012
-0.000021	-0.000012
0.000021	0.000012
-0.000021	-0.000012
0.000021	0.000012
-0.000021	-0.000012
0.000021	0.000012
-0.000021	-0.000012
0.000021	0.000012
-0.000021	-0.000012
0.000021	0.000012
-0.000021	-0.000012
0.000021	0.000012
-0.000021	-0.000012
0.000021	0.000012
-0.000021	-0.000012
0.000021	0.000012
-0.000021	-0.000012
0.000021	0.000012
-0.000021	-0.000012
0.000021	0.000012
-0.000021	-0.000012
0.000020	0.000012
-0.000020	-0.000012
0.000020	0.000012
-0.000020	-0.000012
0.000020	0.000012
-0.000020	-0.000012
0.000020	0.000012
-0.000020	-0.000012
0.000020	0.000012
-0.000020	-0.000012
0.000020	0.000012
-0.000020	-0.000012
0.000020	0.000012
-0.000020	-0.000012
0.000020	0.000012
-0.000020	-0.000013
0.000020	0.000013
-0.000020	-0.000013
0.000020	0.000013
-0.000020	-0.000013
0.000020	0.000013
-0.000020	-0.000013
0.000020	0.000013
-0.000010	-0.000006
0.000010	0.000006
-0.000010	-0.000006
0.000010	0.000006
-0.000010	-0.000006
0.000010	0.000006
-0.000010	-0.000006
0.000010	0.000006
-0.000010	-0.000006
0.000009	0.000006
-0.000009	-0.000006
0.000009	0.000006
-0.000009	-0.000006
0.000009	0.000006
-0.000009	-0.000006
0.000009	0.000006
-0.000009	-0.000006
0.000009	0.000006
-0.000009	-0.000007
0.000009	0.000007
-0.000009	-0.000007
0.000009	0.000007
-0.000009	-0.000007
0.000009	0.000007
-0.000009	-0.000007
0.000009	0.000007
-0.000009	-0.000007
0.000009	0.000007
-0.000009	-0.000007
0.000009	0.000007
-0.000009	-0.000007
0.000009	0.000007
-0.000009	-0.000007
0.000009	0.000007
-0.000007	-0.000005
0.000007	0.000005
-0.000007	-0.000005
0.000007	0.000005
-0.000007	-0.000005
0.000007	0.000005
-0.000007	-0.000005
0.000007	0.000005
-0.000007	-0.000005
0.000006	0.000005
-0.000006	-0.000005
0.000006	0.000005
-0.000006	-0.000005
0.000006	0.000005
-0.000006	-0.000005
0.000006	0.000005
-0.000006	-0.000005
0.000003	0.000003
-0.000003	-0.000003
0.000003	0.000003
-0.000003	-0.000003
0.000003	0.000003
-0.000003	-0.000003
0.000003	0.000003
-0.000003	-0.000003
0.000003	0.000003
-0.000003	-0.000003
0.000003	0.000003
-0.000003	-0.000003
0.000003	0.000003
-0.000003	-0.000003
0.000003	0.000003
-0.000003	-0.000003
0.000003	0.000003
-0.000003	-0.000003
0.000003	0.000003
-0.000003	-0.000003
0.000003	0.000003
-0.000003	-0.000003
0.000003	0.000003
-0.000003	-0.000003
0.000003	0.000003
-0.000003	-0.000003
0.000003	0.000003
-0.000003	-0.000003
0.000003	0.000003
-0.000003	-0.000003
0.000003	0.000003
-0.000003	-0.000003
0.000003	0.000003
-0.000003	-0.000003
0.000003	0.000003
-0.000003	-0.000003
0.000003	0.000003
-0.000003	-0.000003
0.000003	0.000003
-0.000003	-0.000003
0.000003	0.000003
-0.000003	-0.000003
0.000003	0.000003
-0.000003	-0.000003
0.000003	0.000003
-0.000003	-0.000003
0.000003	0.000003
-0.000003	-0.000003
0.000003	0.000003
-0.000003	-0.000003
0.000003	0.000003
-0.000003	-0.000003
0.000003	0.000003
-0.000003	-0.000003
0.000003	0.000003
-0.000003	-0.000003
0.000003	0.000003
-0.000003	-0.000003
0.000003	0.000003
-0.000003	-0.000003
0.000003	0.000003
-0.000003	-0.000003
0.000003	0.000003
-0.000003	-0.000003
0.000003	0.000003
-0.000003	-0.000003
0.000003	0.000003
-0.000003	-0.000003
0.000003	0.000003
-0.000003	-0.000003
0.000003	0.000003
-0.000003	-0.000003
0.000003	0.000003
-0.000003	-0.000003
0.000003	0.000003
-0.000003	-0.000003
0.000002	0.000003
-0.000002	-0.000003
0.000002	0.000003
-0.000002	-0.000003
0.000002	0.000003
-0.000002	-0.000003
0.000002	0.000003
-0.000002	-0.000003
0.000002	0.000003
-0.000002	-0.000003
0.000002	0.000003
-0.000002	-0.000003
0.000002	0.000003
-0.000002	-0.000003
0.000002	0.000003
-0.000002	-0.000003
0.000002	0.000003
-0.000002	-0.000003
0.000002	0.000003
-0.000002	-0.000003
0.000002	0.000003
-0.000002	-0.000003
0.000002	0.000003
-0.000002	-0.000003
0.000002	0.000003
-0.000002	-0.000003
0.000002	0.000003
-0.000002	-0.000003
0.000002	0.000003
-0.000002	-0.000003
0.000002	0.000003
-0.000002	-0.000003
0.000002	0.000003
-0.000002	-0.000003
0.000002	0.000003
-0.000002	-0.000003
0.000002	0.000003
-0.000002	-0.000003
0.000002	0.000003
-0.000002	-0.000003
0.000002	0.000003
-0.000002	-0.000003
0.000002	0.000003
-0.000002	-0.000003
0.000002	0.000003
-0.000002	-0.000003
0.000002	0.000003
-0.000002	-0.000003
0.000002	0.000003
-0.000002	-0.000003
0.000002	0.000003
-0.000002	-0.000003
0.000002	0.000003
-0.000002	-0.000003
0.000002	0.000003
-0.000002	-0.000003
0.000002	0.000003
-0.000002	-0.000003
0.000002	0.000003
-0.000002	-0.000003
0.000002	0.000003
-0.000002	-0.000003
0.000002	0.000003
-0.000002	-0.000003
0.000002	0.000003
-0.000002	-0.000003
0.000002	0.000003
-0.000002	-0.000003
0.000002	0.000003
-0.000002	-0.000003
0.000002	0.000003
-0.000002	-0.000003
0.000002	0.000003
-0.000002	-0.000003
0.000002	0.000003
-0.000002	-0.000003
0.000002	0.000003
-0.000002	-0.000003
0.000002	0.000003
-0.000002	-0.000003
0.000002	0.000003
-0.000002	-0.000003
0.000002	0.000003
-0.000002	-0.000003
0.000002	0.000003
-0.000002	-0.000003
0.000002	0.000003
-0.000002	-0.000003
0.000002	0.000003
-0.000002	-0.000003
0.000002	0.000003
-0.000002	-0.000003
0.000002	0.000003
-0.000002	-0.000003
0.000002	0.000003
-0.000002	-0.000003
0.000002	0.000003
-0.000002	-0.000003
0.000002	0.000003
-0.000002	-0.000003
0.000002	0.000003
-0.000002	-0.000003
0.000002	0.000003
-0.000002	-0.000003
0.000002	0.000003
-0.000002	-0.000003
0.000002	0.000003
-0.000002	-0.000003
0.000002	0.000003
-0.000002	-0.000003
0.000001	0.000003
-0.000001	-0.000003
0.000001	0.000003
-0.000001	-0.000003
0.000001	0.000003
-0.000001	-0.000003
0.000001	0.000003
-0.000001	-0.000003
0.000001	0.000003
-0.000001	-0.000003
0.000001	0.000003
-0.000001	-0.000003
0.000001	0.000003
-0.000001	-0.000003
0.000001	0.000003
-0.000001	-0.000003
0.000001	0.000003
-0.000001	-0.000003
0.000001	0.000003
-0.000001	-0.000003
0.000001	0.000003
-0.000001	-0.000003
0.000001	0.000003
-0.000001	-0.000003
0.000001	0.000003
-0.000001	-0.000003
0.000001	0.000003
-0.000001	-0.000003
0.000001	0.000003
-0.000001	-0.000003
0.000001	0.000003
-0.000001	-0.000003
0.000001	0.000003
-0.000001	-0.000003
0.000001	0.000003
-0.000001	-0.000003
0.000001	0.000003
-0.000001	-0.000003
0.000001	0.000003
-0.000001	-0.000003
0.000001	0.000003
-0.000001	-0.000003
0.000001	0.000003
-0.000001	-0.000003
0.000001	0.000003
-0.000001	-0.000003
0.000001	0.000003
-0.000001	-0.000003
0.000001	0.000003
-0.000001	-0.000003
0.000001	0.000003
-0.000001	-0.000003
0.000001	0.000003
-0.000001	-0.000003
0.000001	0.000003
-0.000001	-0.000003
0.000001	0.000003
-0.000001	-0.000003
0.000001	0.000003
-0.000001	-0.000003
0.000001	0.000003
-0.000001	-0.000003
0.000001	0.000003
-0.000001	-0.000003
0.000001	0.000003
-0.000001	-0.000003
0.000001	0.000003
-0.000001	-0.000003
0.000001	0.000003
-0.000001	-0.000003
0.000001	0.000003
-0.000001	-0.000003
0.000001	0.000003
-0.000001	-0.000003
0.000001	0.000003
-0.000001	-0.000003
0.000001	0.000003
-0.000001	-0.000003
0.000001	0.000003
-0.000001	-0.000003
0.000001	0.000003
-0.000001	-0.000003
0.000001	0.000003
-0.000001	-0.000003
0.000001	0.000003
-0.000001	-0.000003
0.000001	0.000003
-0.000001	-0.000003
0.000001	0.000003
-0.000001	-0.000003
0.000001	0.000003
-0.000001	-0.000003
0.000001	0.000003
-0.000001	-0.000003
0.000001	0.000003
-0.000001	-0.000003
0.000001	0.000003
-0.000001	-0.000003
0.000001	0.000003
-0.000001	-0.000003
0.000001	0.000003
-0.000001	-0.000003
0.000001	0.000003
-0.000001	-0.000003
0.000001	0.000003
-0.000001	-0.000003
0.000001	0.000003
-0.000001	-0.000003
0.000001	0.000003
-0.000001	-0.000003
0.000001	0.000003
-0.000000	-0.000003
0.000000	0.000003
-0.000000	-0.000003
0.000000	0.000003
-0.000000	-0.000003
0.000000	0.000003
-0.000000	-0.000003
0.000000	0.000003
-0.000000	-0.000003
0.000000	0.000003
-0.000000	-0.000003
0.000000	0.000003
-0.000000	-0.000003
0.000000	0.000003
-0.000000	-0.000003
0.000000	0.000003
-0.000000	-0.000003
0.000000	0.000003
-0.000000	-0.000003
0.000000	0.000003
-0.000000	-0.000003
0.000000	0.000003
-0.000000	-0.000003
0.000000	0.000003
-0.000000	-0.000003
0.000000	0.000003
-0.000000	-0.000003
0.000000	0.000003
-0.000000	-0.000003
0.000000	0.000003
-0.000000	-0.000003
0.000000	0.000003
-0.000000	-0.000003
0.000000	0.000003
-0.000000	-0.000003
0.000000	0.000003
-0.000000	-0.000003
0.000000	0.000003
-0.000000	-0.000003
0.000000	0.000003
-0.000000	-0.000003
0.000000	0.000003
-0.000000	-0.000003
0.000000	0.000003
-0.000000	-0.000003
0.000000	0.000003
-0.000000	-0.000003
0.000000	0.000003
-0.000000	-0.000003
0.000000	0.000003
-0.000000	-0.000003
0.000000	0.000003
-0.000000	-0.000003
0.000000	0.000003
-0.000000	-0.000003
0.000000	0.000003
0.000000	-0.000003
-0.000000	0.000003
0.000000	-0.000003
-0.000000	0.000003
0.000000	-0.000003
-0.000000	0.000003
0.000000	-0.000003
-0.000000	0.000003
0.000000	-0.000003
-0.000000	0.000003
0.000000	-0.000003
-0.000000	0.000003
0.000000	-0.000003
-0.000000	0.000003
0.000000	-0.000003
-0.000000	0.000003
0.000000	-0.000003
-0.000000	0.000003
0.000000	-0.000003
-0.000000	0.000003
0.000000	-0.000003
-0.000000	0.000003
0.000000	-0.000003
-0.000000	0.000003
0.000000	-0.000003
-0.000000	0.000003
0.000000	-0.000003
-0.000000	0.000003
0.000000	-0.000003
-0.000000	0.000003
0.000000	-0.000003
-0.000000	0.000003
0.000000	-0.000003
-0.000000	0.000003
0.000000	-0.000003
-0.000000	0.000003
0.000000	-0.000003
-0.000000	0.000003
0.000000	-0.000003
-0.000000	0.000003
0.000000	-0.000003
-0.000000	0.000003
0.000000	-0.000003
-0.000000	0.000003
0.000000	-0.000003
-0.000000	0.000003
0.000000	-0.000003
-0.000000	0.000003
0.000000	-0.000003
-0.000000	0.000003
0.000000	-0.000003
-0.000000	0.000003
0.000000	-0.000003
-0.000000	0.000003
0.000000	-0.000003
-0.000000	0.000003
0.000000	-0.000003
-0.000000	0.000003
0.000000	-0.000003
-0.000001	0.000003
0.000001	-0.000003
-0.000001	0.000003
0.000001	-0.000003
-0.000001	0.000003
0.000001	-0.000003
-0.000001	0.000003
0.000001	-0.000003
-0.000001	0.000003
0.000001	-0.000003
-0.000001	0.000003
0.000001	-0.000003
-0.000001	0.000003
0.000001	-0.000003
-0.000001	0.000003
0.000001	-0.000003
-0.000001	0.000003
0.000001	-0.000003
-0.000001	0.000003
0.000001	-0.000003
-0.000001	0.000003
0.000001	-0.000003
-0.000001	0.000003
0.000001	-0.000003
-0.000001	0.000003
0.000001	-0.000003
-0.000001	0.000003
0.000001	-0.000003
-0.000001	0.000003
0.000001	-0.000003
-0.000001	0.000003
0.000001	-0.000003
-0.000001	0.000003
0.000001	-0.000003
-0.000001	0.000003
0.000001	-0.000003
-0.000001	0.000003
0.000001	-0.000003
-0.000001	0.000003
0.000001	-0.000003
-0.000001	0.000003
0.000001	-0.000003
-0.000001	0.000003
0.000001	-0.000003
-0.000001	0.000003
0.000001	-0.000003
-0.000001	0.000002
0.000001	-0.000002
-0.000001	0.000002
0.000001	-0.000002
-0.000001	0.000002
0.000001	-0.000002
-0.000001	0.000002
0.000001	-0.000002
-0.000001	0.000002
0.000001	-0.000002
-0.000001	0.000002
0.000001	-0.000002
-0.000001	0.000002
0.000001	-0.000002
-0.000001	0.000002
0.000001	-0.000002
-0.000001	0.000002
0.000001	-0.000002
-0.000001	0.000002
0.000001	-0.000002
-0.000001	0.000002
0.000001	-0.000002
-0.000001	0.000002
0.000001	-0.000002
-0.000001	0.000002
0.000001	-0.000002
-0.000001	0.000002
0.000001	-0.000002
-0.000001	0.000002
0.000001	-0.000002
-0.000001	0.000002
0.000001	-0.000002
-0.000001	0.000002
0.000001	-0.000002
-0.000001	0.000002
0.000001	-0.000002
-0.000001	0.000002
0.000001	-0.000002
-0.000001	0.000002
0.000001	-0.000002
-0.000001	0.000002
0.000001	-0.000002
-0.000001	0.000002
0.000001	-0.000002
-0.000001	0.000002
0.000001	-0.000002
-0.000001	0.000002
0.000001	-0.000002
-0.000001	0.000002
0.000001	-0.000002
-0.000001	0.000002
0.000001	-0.000002
-0.000001	0.000002
0.000001	-0.000002
-0.000001	0.000002
0.000001	-0.000002
-0.000001	0.000002
0.000001	-0.000002
-0.000001	0.000002
0.000001	-0.000002
-0.000001	0.000002
0.000001	-0.000002
-0.000001	0.000002
0.000001	-0.000002
-0.000001	0.000002
0.000001	-0.000002
-0.000001	0.000002
0.000001	-0.000002
-0.000001	0.000002
0.000001	-0.000002
-0.000001	0.000002
0.000001	-0.000002
-0.000001	0.000002
0.000001	-0.000002
-0.000001	0.000002
0.000001	-0.000002
-0.000001	0.000002
0.000001	-0.000002
-0.000001	0.000002
0.000001	-0.000002
-0.000001	0.000002
0.000001	-0.000002
-0.000001	0.000002
0.000001	-0.000002
-0.000001	0.000002
0.000001	-0.000002
-0.000002	0.000002
0.000002	-0.000002
-0.000002	0.000002
0.000002	-0.000002
-0.000002	0.000002
0.000002	-0.000002
-0.000002	0.000002
0.000002	-0.000002
-0.000002	0.000002
0.000002	-0.000002
-0.000002	0.000002
0.000002	-0.000002
-0.000002	0.000002
0.000002	-0.000002
-0.000002	0.000002
0.000002	-0.000002
-0.000002	0.000002
0.000002	-0.000002
-0.000002	0.000002
0.000002	-0.000002
-0.000002	0.000002
0.000002	-0.000002
-0.000002	0.000002
0.000002	-0.000002
-0.000002	0.000002
0.000002	-0.000002
-0.000002	0.000002
0.000002	-0.000002
-0.000002	0.000002
0.000002	-0.000002
-0.000002	0.000002
0.000002	-0.000002
-0.000002	0.000002
0.000002	-0.000002
-0.000002	0.000002
0.000002	-0.000002
-0.000002	0.000002
0.000002	-0.000002
-0.000002	0.000002
0.000002	-0.000002
-0.000002	0.000002
0.000002	-0.000002
-0.000002	0.000002
0.000002	-0.000002
-0.000002	0.000002
0.000002	-0.000002
-0.000002	0.000002
0.000002	-0.000002
-0.000002	0.000002
0.000002	-0.000002
-0.000002	0.000002
0.000002	-0.000002
-0.000002	0.000002
0.000002	-0.000002
-0.000002	0.000002
0.000002	-0.000002
-0.000002	0.000002
0.000002	-0.000002
-0.000002	0.000002
0.000002	-0.000002
-0.000002	0.000002
0.000002	-0.000002
-0.000002	0.000002
0.000002	-0.000002
-0.000002	0.000002
0.000002	-0.000002
-0.000002	0.000002
0.000002	-0.000002
-0.000002	0.000002
0.000002	-0.000002
-0.000002	0.000001
0.000002	-0.000001
-0.000002	0.000001
0.000002	-0.000001
-0.000002	0.000001
0.000002	-0.000001
-0.000002	0.000001
0.000002	-0.000001
-0.000002	0.000001
0.000002	-0.000001
-0.000002	0.000001
0.000002	-0.000001
-0.000002	0.000001
0.000002	-0.000001
-0.000002	0.000001
0.000002	-0.000001
-0.000002	0.000001
0.000002	-0.000001
-0.000002	0.000001
0.000002	-0.000001
-0.000002	0.000001
0.000002	-0.000001
-0.000002	0.000001
0.000002	-0.000001
-0.000002	0.000001
0.000002	-0.000001
-0.000002	0.000001
0.000002	-0.000001
-0.000002	0.000001
0.000002	-0.000001
-0.000002	0.000001
0.000002	-0.000001
-0.000002	0.000001
0.000002	-0.000001
-0.000002	0.000001
0.000002	-0.000001
-0.000002	0.000001
0.000002	-0.000001
-0.000002	0.000001
0.000002	-0.000001
-0.000002	0.000001
0.000002	-0.000001
-0.000002	0.000001
0.000002	-0.000001
-0.000002	0.000001
0.000002	-0.000001
-0.000002	0.000001
0.000002	-0.000001
-0.000002	0.000001
0.000002	-0.000001
-0.000002	0.000001
0.000002	-0.000001
-0.000002	0.000001
0.000002	-0.000001
-0.000002	0.000001
0.000002	-0.000001
-0.000002	0.000001
0.000002	-0.000001
-0.000002	0.000001
0.000002	-0.000001
-0.000002	0.000001
0.000002	-0.000001
-0.000002	0.000001
0.000002	-0.000001
-0.000002	0.000001
0.000002	-0.000001
-0.000002	0.000001
0.000002	-0.000001
-0.000002	0.000001
0.000002	-0.000001
-0.000002	0.000001
0.000002	-0.000001
-0.000002	0.000001
0.000002	-0.000001
-0.000002	0.000001
0.000002	-0.000001
-0.000002	0.000001
0.000002	-0.000001
-0.000002	0.000001
0.000002	-0.000001
-0.000002	0.000001
0.000002	-0.000001
-0.000002	0.000001
0.000002	-0.000001
-0.000002	0.000001
0.000002	-0.000001
-0.000002	0.000001
0.000002	-0.000001
-0.000002	0.000001
0.000002	-0.000001
-0.000002	0.000001
0.000002	-0.000001
-0.000002	0.000001
0.000002	-0.000001
-0.000002	0.000001
0.000002	-0.000001
-0.000002	0.000001
0.000002	-0.000001
-0.000002	0.000001
0.000002	-0.000001
-0.000002	0.000001
0.000002	-0.000001
-0.000002	0.000001
0.000002	-0.000001
-0.000002	0.000001
0.000002	-0.000001
-0.000002	0.000001
0.000002	-0.000001
-0.000002	0.000001
0.000002	-0.000001
-0.000002	0.000001
0.000002	-0.000001
-0.000002	0.000000
0.000002	-0.000000
-0.000002	0.000000
0.000002	-0.000000
-0.000002	0.000000
0.000002	-0.000000
-0.000002	0.000000
0.000002	-0.000000
-0.000002	0.000000
0.000002	-0.000000
-0.000002	0.000000
0.000002	-0.000000
-0.000002	0.000000
0.000002	-0.000000
-0.000002	0.000000
0.000002	-0.000000
-0.000002	0.000000
0.000002	-0.000000
-0.000002	0.000000
0.000002	-0.000000
-0.000002	0.000000
0.000002	-0.000000
-0.000002	0.000000
0.000002	-0.000000
-0.000002	0.000000
0.000002	-0.000000
-0.000002	0.000000
0.000002	-0.000000
-0.000002	0.000000
0.000002	-0.000000
-0.000002	0.000000
0.000002	-0.000000
-0.000002	0.000000
0.000002	-0.000000
-0.000002	0.000000
0.000002	-0.000000
-0.000002	0.000000
0.000002	-0.000000
-0.000002	0.000000
0.000002	-0.000000
-0.000002	0.000000
0.000002	-0.000000
-0.000002	0.000000
0.000002	-0.000000
-0.000002	0.000000
0.000002	-0.000000
-0.000002	0.000000
0.000002	-0.000000
-0.000002	0.000000
0.000002	-0.000000
-0.000002	0.000000
0.000002	-0.000000
-0.000002	-0.000000
0.000002	0.000000
-0.000002	-0.000000
0.000002	0.000000
-0.000002	-0.000000
0.000002	0.000000
-0.000002	-0.000000
0.000002	0.000000
-0.000002	-0.000000
0.000002	0.000000
-0.000002	-0.000000
0.000002	0.000000
-0.000002	-0.000000
0.000002	0.000000
-0.000002	-0.000000
0.000002	0.000000
-0.000002	-0.000000
0.000002	0.000000
-0.000002	-0.000000
0.000002	0.000000
-0.000002	-0.000000
0.000002	0.000000
-0.000002	-0.000000
0.000002	0.000000
-0.000002	-0.000000
0.000002	0.000000
-0.000002	-0.000000
0.000002	0.000000
-0.000002	-0.000000
0.000002	0.000000
-0.000002	-0.000000
0.000002	0.000000
-0.000002	-0.000000
0.000002	0.000000
-0.000002	-0.000000
0.000002	0.000000
-0.000002	-0.000000
0.000002	0.000000
-0.000002	-0.000000
0.000002	0.000000
-0.000002	-0.000000
0.000002	0.000000
-0.000002	-0.000000
0.000002	0.000000
-0.000002	-0.000000
0.000002	0.000000
-0.000002	-0.000000
0.000002	0.000000
-0.000002	-0.000000
0.000002	0.000000
-0.000002	-0.000000
0.000002	0.000001
-0.000002	-0.000001
0.000002	0.000001
-0.000002	-0.000001
0.000002	0.000001
-0.000002	-0.000001
0.000002	0.000001
-0.000002	-0.000001
0.000002	0.000001
-0.000002	-0.000001
0.000002	0.000001
-0.000002	-0.000001
0.000002	0.000001
-0.000002	-0.000001
0.000002	0.000001
-0.000002	-0.000001
0.000002	0.000001
-0.000002	-0.000001
0.000002	0.000001
-0.000002	-0.000001
0.000002	0.000001
-0.000002	-0.000001
0.000002	0.000001
-0.000002	-0.000001
0.000002	0.000001
-0.000002	-0.000001
0.000002	0.000001
-0.000002	-0.000001
0.000002	0.000001
-0.000002	-0.000001
0.000002	0.000001
-0.000002	-0.000001
0.000002	0.000001
-0.000002	-0.000001
0.000002	0.000001
-0.000002	-0.000001
0.000002	0.000001
-0.000002	-0.000001
0.000002	0.000001
-0.000002	-0.000001
0.000002	0.000001
-0.000002	-0.000001
0.000002	0.000001
-0.000002	-0.000001
0.000002	0.000001
-0.000002	-0.000001
0.000002	0.000001
-0.000002	-0.000001
0.000002	0.000001
-0.000002	-0.000001
0.000002	0.000001
-0.000002	-0.000001
0.000002	0.000001
-0.000002	-0.000001
0.000002	0.000001
-0.000002	-0.000001
0.000002	0.000001
-0.000002	-0.000001
0.000002	0.000001
-0.000002	-0.000001
0.000002	0.000001
-0.000002	-0.000001
0.000002	0.000001
-0.000002	-0.000001
0.000002	0.000001
-0.000002	-0.000001
0.000002	0.000001
-0.000002	-0.000001
0.000002	0.000001
-0.000002	-0.000001
0.000002	0.000001
-0.000002	-0.000001
0.000002	0.000001
-0.000002	-0.000001
0.000002	0.000001
-0.000002	-0.000001
0.000002	0.000001
-0.000002	-0.000001
0.000002	0.000001
-0.000002	-0.000001
0.000002	0.000001
-0.000002	-0.000001
0.000002	0.000001
-0.000002	-0.000001
0.000002	0.000001
-0.000002	-0.000001
0.000002	0.000001
-0.000002	-0.000001
0.000002	0.000001
-0.000002	-0.000001
0.000002	0.000001
-0.000002	-0.000001
0.000002	0.000001
-0.000002	-0.000001
0.000002	0.000001
-0.000002	-0.000001
0.000002	0.000001
-0.000002	-0.000001
0.000002	0.000001
-0.000002	-0.000001
0.000002	0.000001
-0.000002	-0.000001
0.000002	0.000001
-0.000002	-0.000001
0.000002	0.000001
-0.000002	-0.000001
0.000002	0.000001
-0.000002	-0.000001
0.000002	0.000001
-0.000002	-0.000001
0.000002	0.000001
-0.000002	-0.000001
0.000002	0.000001
-0.000002	-0.000001
0.000002	0.000001
-0.000002	-0.000001
0.000002	0.000001
-0.000002	-0.000001
0.000002	0.000001
-0.000002	-0.000002
0.000001	0.000002
-0.000001	-0.000002
0.000001	0.000002
-0.000001	-0.000002
0.000001	0.000002
-0.000001	-0.000002
0.000001	0.000002
-0.000001	-0.000002
0.000001	0.000002
-0.000001	-0.000002
0.000001	0.000002
-0.000001	-0.000002
0.000001	0.000002
-0.000001	-0.000002
0.000001	0.000002
-0.000001	-0.000002
0.000001	0.000002
-0.000001	-0.000002
0.000001	0.000002
-0.000001	-0.000002
0.000001	0.000002
-0.000001	-0.000002
0.000001	0.000002
-0.000001	-0.000002
0.000001	0.000002
-0.000001	-0.000002
0.000001	0.000002
-0.000001	-0.000002
0.000001	0.000002
-0.000001	-0.000002
0.000001	0.000002
-0.000001	-0.000002
0.000001	0.000002
-0.000001	-0.000002
0.000001	0.000002
-0.000001	-0.000002
0.000001	0.000002
-0.000001	-0.000002
0.000001	0.000002
-0.000001	-0.000002
0.000001	0.000002
-0.000001	-0.000002
0.000001	0.000002
-0.000001	-0.000002
0.000001	0.000002
-0.000001	-0.000002
0.000001	0.000002
-0.000001	-0.000002
0.000001	0.000002
-0.000001	-0.000002
0.000001	0.000002
-0.000001	-0.000002
0.000001	0.000002
-0.000001	-0.000002
0.000001	0.000002
-0.000001	-0.000002
0.000001	0.000002
-0.000001	-0.000002
0.000001	0.000002
-0.000001	-0.000002
0.000001	0.000002
-0.000001	-0.000002
0.000001	0.000002
-0.000001	-0.000002
0.000001	0.000002
-0.000001	-0.000002
0.000001	0.000002
-0.000001	-0.000002
0.000001	0.000002
-0.000001	-0.000002
0.000001	0.000002
-0.000001	-0.000002
0.000001	0.000002
-0.000001	-0.000002
0.000001	0.000002
-0.000001	-0.000002
0.000001	0.000002
-0.000001	-0.000002
0.000001	0.000002
-0.000001	-0.000002
0.000001	0.000002
-0.000001	-0.000002
0.000001	0.000002
-0.000001	-0.000002
0.000001	0.000002
-0.000001	-0.000002
0.000001	0.000002
-0.000001	-0.000002
0.000001	0.000002
-0.000001	-0.000002
0.000001	0.000002
-0.000001	-0.000002
0.000001	0.000002
-0.000001	-0.000002
0.000001	0.000002
-0.000001	-0.000002
0.000001	0.000002
-0.000001	-0.000002
0.000001	0.000002
-0.000001	-0.000002
0.000001	0.000002
-0.000001	-0.000002
0.000001	0.000002
-0.000001	-0.000002
0.000001	0.000002
-0.000001	-0.000002
0.000001	0.000002
-0.000001	-0.000002
0.000000	0.000002
-0.000000	-0.000002
0.000000	0.000002
-0.000000	-0.000002
0.000000	0.000002
-0.000000	-0.000002
0.000000	0.000002
-0.000000	-0.000002
0.000000	0.000002
-0.000000	-0.000002
0.000000	0.000002
-0.000000	-0.000002
0.000000	0.000002
-0.000000	-0.000002
0.000000	0.000002
-0.000000	-0.000002
0.000000	0.000002
-0.000000	-0.000002
0.000000	0.000002
-0.000000	-0.000002
0.000000	0.000002
-0.000000	-0.000002
0.000000	0.000002
-0.000000	-0.000002
0.000000	0.000002
-0.000000	-0.000002
0.000000	0.000002
-0.000000	-0.000002
0.000000	0.000002
-0.000000	-0.000002
0.000000	0.000002
-0.000000	-0.000002
0.000000	0.000002
-0.000000	-0.000002
0.000000	0.000002
-0.000000	-0.000002
0.000000	0.000002
-0.000000	-0.000002
0.000000	0.000002
-0.000000	-0.000002
0.000000	0.000002
-0.000000	-0.000002
0.000000	0.000002
-0.000000	-0.000002
0.000000	0.000002
-0.000000	-0.000002
-0.000000	0.000002
0.000000	-0.000002
-0.000000	0.000002
0.000000	-0.000002
-0.000000	0.000002
0.000000	-0.000002
-0.000000	0.000002
0.000000	-0.000002
-0.000000	0.000002
0.000000	-0.000002
-0.000000	0.000002
0.000000	-0.000002
-0.000000	0.000002
0.000000	-0.000002
-0.000000	0.000002
0.000000	-0.000002
-0.000000	0.000002
0.000000	-0.000002
-0.000000	0.000002
0.000000	-0.000002
-0.000000	0.000002
0.000000	-0.000002
-0.000000	0.000002
0.000000	-0.000002
-0.000000	0.000002
0.000000	-0.000002
-0.000000	0.000002
0.000000	-0.000002
-0.000000	0.000002
0.000000	-0.000002
-0.000000	0.000002
0.000000	-0.000002
-0.000000	0.000002
0.000000	-0.000002
-0.000000	0.000002
0.000000	-0.000002
-0.000000	0.000002
0.000000	-0.000002
-0.000000	0.000002
0.000000	-0.000002
-0.000000	0.000002
0.000000	-0.000002
-0.000000	0.000002
0.000000	-0.000002
-0.000000	0.000002
0.000000	-0.000002
-0.000001	0.000002
0.000001	-0.000002
-0.000001	0.000002
0.000001	-0.000002
-0.000001	0.000002
0.000001	-0.000002
-0.000001	0.000002
0.000001	-0.000002
-0.000001	0.000002
0.000001	-0.000002
-0.000001	0.000002
0.000001	-0.000002
-0.000001	0.000002
0.000001	-0.000002
-0.000001	0.000002
0.000001	-0.000002
-0.000001	0.000002
0.000001	-0.000002
-0.000001	0.000002
0.000001	-0.000002
-0.000001	0.000002
0.000001	-0.000002
-0.000001	0.000002
0.000001	-0.000002
-0.000001	0.000002
0.000001	-0.000002
-0.000001	0.000002
0.000001	-0.000002
-0.000001	0.000002
0.000001	-0.000002
-0.000001	0.000002
0.000001	-0.000002
-0.000001	0.000002
0.000001	-0.000002
-0.000001	0.000002
0.000001	-0.000002
-0.000001	0.000002
0.000001	-0.000002
-0.000001	0.000002
0.000001	-0.000002
-0.000001	0.000002
0.000001	-0.000002
-0.000001	0.000002
0.000001	-0.000002
-0.000001	0.000002
0.000001	-0.000002
-0.000001	0.000002
0.000001	-0.000002
-0.000001	0.000002
0.000001	-0.000002
-0.000001	0.000002
0.000001	-0.000002
-0.000001	0.000002
0.000001	-0.000002
-0.000001	0.000002
0.000001	-0.000002
-0.000001	0.000002
0.000001	-0.000002
-0.000001	0.000002
0.000001	-0.000002
-0.000001	0.000002
0.000001	-0.000002
-0.000001	0.000002
0.000001	-0.000002
-0.000001	0.000002
0.000001	-0.000002
-0.000001	0.000002
0.000001	-0.000002
-0.000001	0.000002
0.000001	-0.000002
-0.000001	0.000002
0.000001	-0.000002
-0.000001	0.000002
0.000001	-0.000002
-0.000001	0.000002
0.000001	-0.000002
-0.000001	0.000002
0.000001	-0.000002
-0.000001	0.000002
0.000001	-0.000002
-0.000001	0.000002
0.000001	-0.000002
-0.000001	0.000002
0.000001	-0.000002
-0.000001	0.000002
0.000001	-0.000002
-0.000001	0.000002
0.000001	-0.000002
-0.000001	0.000001
0.000001	-0.000001
-0.000001	0.000001
0.000001	-0.000001
-0.000001	0.000001
0.000001	-0.000001
-0.000001	0.000001
0.000001	-0.000001
-0.000001	0.000001
0.000001	-0.000001
-0.000001	0.000001
0.000001	-0.000001
-0.000001	0.000001
0.000001	-0.000001
-0.000001	0.000001
0.000001	-0.000001
-0.000001	0.000001
0.000002	-0.000001
-0.000002	0.000001
0.000002	-0.000001
-0.000002	0.000001
0.000002	-0.000001
-0.000002	0.000001
0.000002	-0.000001
-0.000002	0.000001
0.000002	-0.000001
-0.000002	0.000001
0.000002	-0.000001
-0.000002	0.000001
0.000002	-0.000001
-0.000002	0.000001
0.000002	-0.000001
-0.000002	0.000001
0.000002	-0.000001
-0.000002	0.000001
0.000002	-0.000001
-0.000002	0.000001
0.000002	-0.000001
-0.000002	0.000001
0.000002	-0.000001
-0.000002	0.000001
0.000002	-0.000001
-0.000002	0.000001
0.000002	-0.000001
-0.000002	0.000001
0.000002	-0.000001
-0.000002	0.000001
0.000002	-0.000001
-0.000002	0.000001
0.000002	-0.000001
-0.000002	0.000001
0.000002	-0.000001
-0.000002	0.000001
0.000002	-0.000001
-0.000002	0.000001
0.000002	-0.000001
-0.000002	0.000001
0.000002	-0.000001
-0.000002	0.000001
0.000002	-0.000001
-0.000002	0.000001
0.000002	-0.000001
-0.000002	0.000001
0.000002	-0.000001
-0.000002	0.000001
0.000002	-0.000001
-0.000002	0.000001
0.000002	-0.000001
-0.000002	0.000001
0.000002	-0.000001
-0.000002	0.000001
0.000002	-0.000001
-0.000002	0.000001
0.000002	-0.000001
-0.000002	0.000001
0.000002	-0.000001
-0.000002	0.000001
0.000002	-0.000001
-0.000002	0.000001
0.000002	-0.000001
-0.000002	0.000001
0.000002	-0.000001
-0.000002	0.000001
0.000002	-0.000001
-0.000002	0.000001
0.000002	-0.000001
-0.000002	0.000001
0.000002	-0.000001
-0.000002	0.000001
0.000002	-0.000001
-0.000002	0.000001
0.000002	-0.000001
-0.000002	0.000001
0.000002	-0.000001
-0.000002	0.000001
0.000002	-0.000001
-0.000002	0.000001
0.000002	-0.000001
-0.000002	0.000001
0.000002	-0.000000
-0.000002	0.000000
0.000002	-0.000000
-0.000002	0.000000
0.000002	-0.000000
-0.000002	0.000000
0.000002	-0.000000
-0.000002	0.000000
0.000002	-0.000000
-0.000002	0.000000
0.000002	-0.000000
-0.000002	0.000000
0.000002	-0.000000
-0.000002	0.000000
0.000002	-0.000000
-0.000002	0.000000
0.000002	-0.000000
-0.000002	0.000000
0.000002	-0.000000
-0.000002	0.000000
0.000002	-0.000000
-0.000002	0.000000
0.000002	-0.000000
-0.000002	0.000000
0.000002	-0.000000
-0.000002	0.000000
0.000002	-0.000000
-0.000002	0.000000
0.000002	-0.000000
-0.000002	0.000000
0.000002	-0.000000
-0.000002	0.000000
0.000002	-0.000000
-0.000002	0.000000
0.000002	-0.000000
-0.000002	0.000000
0.000002	-0.000000
-0.000002	0.000000
0.000002	-0.000000
-0.000002	0.000000
0.000002	-0.000000
