4096
0.000000	0.000000
-0.867611	-0.497243
0.328068	0.018673
0.139449	-0.020198
0.063681	-0.017604
-0.180347	-0.430734
-0.107318	0.488347
0.025680	-0.157997
-0.195668	-0.023562
-0.162557	0.260166
-0.175980	0.076547
0.121916	0.124548
0.024771	0.015690
-0.097123	0.070011
0.062144	0.057046
-0.005063	-0.017830
-0.151144	-0.032054
-0.358389	0.083384
-0.016781	-0.011498
-0.028287	-0.047527
0.014708	-0.003573
0.066692	0.110977
-0.005924	-0.006572
-0.024762	0.006369
0.007058	0.007630
-0.021288	0.001274
-0.015686	0.004114
-0.010400	-0.009236
0.002762	0.000347
0.006183	0.000930
-0.004794	0.004793
0.006890	-0.003242
0.006268	0.015217
-0.015178	0.037997
-0.015342	-0.003860
-0.072055	0.015361
0.035109	0.014582
0.001090	0.001194
0.010667	0.005652
-0.001808	0.000463
-0.002684	-0.007904
-0.006622	-0.000293
0.013941	0.009210
0.011645	-0.013974
-0.005769	-0.006174
-0.003513	-0.006603
-0.015747	0.014409
-0.004779	0.003326
0.008298	-0.004958
0.000533	0.004583
-0.002409	0.008830
-0.002894	-0.009965
0.003932	-0.002324
0.046750	-0.037972
-0.016478	0.013709
0.003333	0.005383
-0.004184	-0.005886
-0.000497	-0.002452
0.003726	-0.000305
0.002107	-0.002838
-0.007549	0.000542
0.003077	-0.000667
-0.006366	0.002558
-0.000220	-0.000528
-0.002142	-0.003103
0.000210	0.000582
-0.003421	0.001331
-0.004822	0.001201
-0.001397	0.005073
-0.000460	-0.002067
0.002735	-0.000744
-0.002267	-0.002453
-0.001420	0.004466
-0.001985	0.008069
-0.011486	-0.009327
-0.002439	-0.001561
-0.001589	-0.006064
0.024558	-0.002048
0.001752	0.000781
-0.001668	-0.000858
-0.000005	-0.001096
0.001741	0.000545
0.001310	0.000719
0.000778	0.000675
-0.001206	0.001862
0.002049	0.001120
0.000503	-0.001120
-0.001847	-0.001950
0.003654	0.000839
-0.000961	-0.000938
0.006906	-0.002301
0.000515	-0.001610
-0.000210	-0.001311
-0.000792	-0.000934
-0.000095	-0.002205
-0.002100	0.001769
0.000327	0.001188
-0.000608	-0.000577
0.003331	-0.000410
-0.000441	-0.001239
-0.000576	0.001265
0.001806	-0.001105
0.000094	0.000534
0.000112	0.000084
-0.000114	-0.001053
0.000368	-0.000357
0.000350	-0.000989
-0.000563	-0.001426
-0.000773	-0.000273
0.002585	0.000981
-0.000974	0.000951
0.000508	-0.000112
0.000779	-0.000047
-0.000553	-0.000612
0.000914	0.000828
-0.001332	-0.001537
0.000314	0.000381
0.000624	-0.000968
-0.000659	0.000640
-0.000096	0.000567
0.000830	0.000455
-0.000233	-0.000374
-0.000603	-0.000633
0.000491	0.001050
0.000011	0.001184
-0.000979	-0.000106
-0.000926	-0.000103
0.000202	-0.000525
0.000639	-0.000327
0.000108	-0.000055
-0.000108	0.000708
-0.000706	0.000173
0.000346	-0.000066
-0.000127	0.000259
-0.000335	-0.000115
0.000294	-0.000090
-0.000149	0.000234
0.000022	-0.000299
-0.000158	0.000142
0.000208	0.000701
-0.000403	0.000784
0.000272	-0.000520
0.000302	0.000193
0.000454	-0.000520
-0.000678	0.000290
-0.000637	0.000448
0.000087	-0.000103
-0.000065	-0.000102
0.000065	-0.000335
0.000015	0.000021
-0.000081	0.000142
0.000089	0.000055
0.000132	-0.000044
0.000023	0.000113
-0.000005	0.000146
-0.000019	0.000098
0.000102	0.000058
-0.000059	-0.000026
0.000090	0.000010
0.000098	0.000109
0.000064	0.000077
-0.000091	0.000051
-0.000024	0.000039
0.000182	0.000156
0.000091	0.000058
-0.000137	-0.000233
-0.000021	-0.000170
-0.000177	-0.000126
0.000501	-0.000047
0.000633	-0.000045
-0.000370	-0.000231
-0.000246	0.000226
-0.000409	-0.000321
0.000465	0.000305
0.000281	0.000487
0.000314	0.000060
-0.000022	-0.000320
0.000063	0.000000
-0.000269	-0.000052
0.000096	-0.000099
0.000148	0.000117
-0.000145	0.000026
0.000412	-0.000122
0.000271	0.000228
0.000037	-0.000024
-0.000383	-0.000004
-0.000325	-0.000123
0.000240	-0.000248
0.000458	-0.000399
0.000262	0.000292
0.000062	0.000486
0.000096	-0.000293
0.000072	-0.000254
-0.000157	0.000197
0.000119	0.000148
0.000420	0.000095
-0.000315	-0.000256
-0.000194	0.000184
0.000142	-0.000635
-0.000200	0.000380
0.000103	-0.000150
-0.000173	0.000129
-0.000146	0.000024
0.000473	0.000075
-0.000524	0.000548
0.000095	0.000029
-0.000011	-0.000315
-0.000211	-0.000201
-0.000180	0.000002
-0.000110	-0.000206
-0.000010	0.000047
0.000096	0.000150
-0.000415	-0.000116
0.000133	0.000309
0.000059	-0.000154
-0.000607	0.000334
0.000038	-0.000049
-0.000013	0.000184
0.000528	0.000230
-0.000041	-0.000446
0.000077	-0.000186
-0.000129	-0.000176
-0.000129	-0.000149
-0.001255	0.000213
-0.000036	0.000029
-0.000448	0.000493
0.000186	-0.000220
-0.000050	-0.000142
-0.000227	0.000205
0.000304	0.000220
0.000013	0.000266
0.000031	0.000121
-0.000150	0.000077
-0.000039	-0.000119
0.000266	-0.000065
0.000264	0.000332
-0.002439	0.001240
-0.000403	-0.000203
0.000043	-0.000139
0.000553	-0.001462
0.000340	0.000301
0.000281	0.000314
0.000199	-0.000219
-0.000229	-0.000098
-0.000106	-0.000252
0.000340	0.000218
0.000287	-0.000047
0.000334	-0.000133
-0.000132	-0.000012
-0.000013	-0.000323
-0.000034	-0.000052
0.000253	-0.000091
-0.000918	-0.000042
0.000816	-0.000419
-0.000477	-0.000781
-0.001332	0.000569
-0.000369	-0.001397
0.000314	-0.001408
-0.000629	0.001295
0.001364	0.000453
-0.001412	-0.000250
-0.001414	0.000224
-0.000947	-0.001070
0.001043	0.000972
0.000690	0.001245
-0.001450	0.000570
0.001128	-0.001070
0.001508	0.000366
0.000425	-0.001490
0.000497	-0.001621
-0.001362	-0.001005
-0.000767	0.001505
0.000968	-0.001444
0.000892	-0.001488
0.000883	-0.001490
-0.001317	0.001283
0.001587	0.000922
-0.001788	0.001287
0.002130	-0.000545
0.001080	-0.001911
0.002059	0.000747
0.001364	0.001710
-0.002122	-0.000511
-0.001687	-0.001379
0.001852	-0.001142
0.002171	-0.000048
0.002003	-0.000830
-0.000353	0.002135
0.002010	0.000791
0.002690	-0.001165
0.002175	-0.001958
0.002046	-0.002085
-0.000050	0.002916
0.001711	0.002356
0.001021	-0.002721
-0.001577	-0.002436
0.002725	-0.000982
0.002176	-0.001905
0.002361	-0.001661
-0.002857	0.000379
0.002776	0.000759
0.000838	-0.002748
-0.002115	0.001937
0.002408	-0.001550
0.002769	-0.000709
0.000293	-0.002839
0.002835	-0.000282
-0.001176	-0.002590
0.001161	-0.002592
0.001226	-0.002557
-0.001721	-0.002248
-0.001767	-0.002205
-0.001729	-0.002230
-0.002033	-0.002452
-0.003013	-0.001017
-0.002362	-0.002122
-0.002609	-0.001801
-0.002523	-0.001912
-0.002859	-0.001346
-0.002710	-0.001617
-0.002879	-0.001279
-0.002929	-0.001147
-0.002871	-0.001273
-0.002907	-0.001177
-0.002991	-0.000927
-0.003175	-0.000984
-0.003095	-0.001199
-0.003100	-0.001172
-0.003163	-0.000972
-0.003156	-0.000978
-0.003057	-0.001241
-0.003047	-0.001251
-0.003127	-0.001019
-0.003127	-0.001005
-0.003016	-0.001287
-0.003001	-0.001310
-0.003095	-0.001055
-0.003104	-0.001013
-0.002980	-0.001321
-0.002959	-0.001356
-0.003066	-0.001078
-0.003083	-0.001015
-0.002946	-0.001352
-0.003105	-0.001484
-0.003231	-0.001168
-0.003257	-0.001078
-0.003100	-0.001460
-0.003064	-0.001522
-0.003207	-0.001178
-0.003238	-0.001073
-0.003070	-0.001477
-0.003030	-0.001546
-0.003182	-0.001189
-0.003222	-0.001062
-0.003037	-0.001500
-0.002994	-0.001575
-0.003259	-0.001230
-0.003304	-0.001086
-0.003108	-0.001551
-0.003054	-0.001645
-0.003237	-0.001233
-0.003288	-0.001075
-0.003079	-0.001565
-0.003023	-0.001662
-0.003220	-0.001223
-0.003272	-0.001063
-0.003055	-0.001572
-0.002989	-0.001684
-0.003197	-0.001233
-0.003257	-0.001049
-0.003029	-0.001581
-0.002966	-0.001688
-0.003178	-0.001230
-0.003242	-0.001033
-0.003198	-0.001683
-0.003122	-0.001810
-0.003360	-0.001304
-0.003434	-0.001079
-0.003175	-0.001686
-0.003094	-0.001820
-0.003343	-0.001296
-0.003419	-0.001065
-0.003151	-0.001690
-0.003072	-0.001822
-0.003324	-0.001293
-0.003406	-0.001043
-0.003133	-0.001686
-0.003044	-0.001831
-0.003311	-0.001277
-0.003396	-0.001011
-0.003114	-0.001681
-0.003020	-0.001836
-0.003292	-0.001274
-0.003381	-0.001001
-0.003088	-0.001692
-0.003000	-0.001835
-0.003275	-0.001270
-0.003366	-0.000987
-0.003072	-0.001684
-0.002980	-0.001835
-0.003261	-0.001257
-0.003354	-0.000967
-0.003148	-0.001736
-0.003052	-0.001891
-0.003346	-0.001289
-0.003448	-0.000969
-0.003122	-0.001746
-0.003026	-0.001899
-0.003331	-0.001281
-0.003434	-0.000955
-0.003116	-0.001720
-0.003012	-0.001889
-0.003317	-0.001269
-0.003420	-0.000939
-0.003091	-0.001730
-0.002992	-0.001889
-0.003302	-0.001258
-0.003409	-0.000917
-0.003077	-0.001721
-0.002969	-0.001894
-0.003292	-0.001239
-0.003397	-0.000897
-0.003059	-0.001718
-0.002952	-0.001889
-0.003271	-0.001246
-0.003384	-0.000882
-0.003046	-0.001708
-0.002936	-0.001884
-0.003262	-0.001225
-0.003373	-0.000859
-0.003036	-0.001693
-0.002915	-0.001886
-0.003248	-0.001216
-0.003362	-0.000834
-0.003018	-0.001692
-0.002899	-0.001882
-0.003237	-0.001200
-0.003349	-0.000822
-0.003009	-0.001676
-0.002798	-0.001818
-0.003126	-0.001154
-0.003239	-0.000767
-0.002904	-0.001620
-0.002782	-0.001815
-0.003113	-0.001147
-0.003226	-0.000760
-0.002888	-0.001617
-0.002769	-0.001807
-0.003102	-0.001135
-0.003217	-0.000731
-0.002878	-0.001605
-0.002754	-0.001803
-0.002996	-0.001092
-0.003107	-0.000704
-0.002776	-0.001555
-0.002658	-0.001743
-0.002988	-0.001072
-0.003098	-0.000680
-0.002767	-0.001543
-0.002643	-0.001741
-0.002976	-0.001065
-0.003087	-0.000664
-0.002754	-0.001538
-0.002629	-0.001736
-0.002967	-0.001051
-0.003078	-0.000640
-0.002745	-0.001526
-0.002622	-0.001722
-0.002954	-0.001047
-0.003065	-0.000640
-0.002734	-0.001518
-0.002613	-0.001713
-0.002943	-0.001039
-0.003056	-0.000614
-0.002723	-0.001511
-0.002600	-0.001709
-0.002933	-0.001027
-0.003047	-0.000595
-0.002714	-0.001500
-0.002585	-0.001708
-0.002922	-0.001020
-0.003036	-0.000581
-0.002706	-0.001488
-0.002575	-0.001699
-0.002914	-0.001004
-0.003025	-0.000572
-0.002697	-0.001478
-0.002565	-0.001691
-0.002905	-0.000990
-0.003016	-0.000553
-0.002683	-0.001478
-0.002552	-0.001689
-0.002897	-0.000976
-0.003006	-0.000538
-0.002674	-0.001469
-0.002547	-0.001674
-0.002884	-0.000977
-0.002996	-0.000526
-0.002662	-0.001466
-0.002536	-0.001669
-0.002873	-0.000969
-0.002985	-0.000519
-0.002651	-0.001460
-0.002526	-0.001661
-0.002867	-0.000950
-0.002977	-0.000490
-0.002667	-0.001405
-0.002511	-0.001663
-0.002857	-0.000943
-0.002966	-0.000485
-0.002643	-0.001425
-0.002507	-0.001647
-0.002845	-0.000943
-0.002958	-0.000461
-0.002627	-0.001429
-0.002494	-0.001646
-0.002841	-0.000916
-0.002949	-0.000446
-0.002633	-0.001395
-0.002486	-0.001637
-0.002831	-0.000911
-0.002937	-0.000446
-0.002619	-0.001396
-0.002477	-0.001630
-0.002820	-0.000908
-0.002928	-0.000429
-0.002612	-0.001386
-0.002467	-0.001626
-0.002812	-0.000897
-0.002920	-0.000412
-0.002599	-0.001386
-0.002460	-0.001615
-0.002803	-0.000889
-0.002912	-0.000382
-0.002589	-0.001381
-0.002453	-0.001605
-0.002792	-0.000887
-0.002902	-0.000375
-0.002585	-0.001367
-0.002444	-0.001601
-0.002786	-0.000869
-0.002892	-0.000370
-0.002575	-0.001362
-0.002434	-0.001596
-0.002775	-0.000867
-0.002883	-0.000361
-0.002574	-0.001342
-0.002421	-0.001596
-0.002771	-0.000846
-0.002873	-0.000356
-0.002564	-0.001337
-0.002418	-0.001581
-0.002756	-0.000860
-0.002864	-0.000336
-0.002553	-0.001335
-0.002408	-0.001578
-0.002750	-0.000843
-0.002855	-0.000324
-0.002551	-0.001318
-0.002399	-0.001573
-0.002742	-0.000833
-0.002847	-0.000302
-0.002548	-0.001301
-0.002389	-0.001569
-0.002738	-0.000811
-0.002836	-0.000312
-0.002537	-0.001301
-0.002385	-0.001557
-0.002726	-0.000816
-0.002827	-0.000307
-0.002531	-0.001291
-0.002378	-0.001550
-0.002720	-0.000803
-0.002819	-0.000290
-0.002517	-0.001296
-0.002373	-0.001540
-0.002628	-0.000778
-0.002726	-0.000255
-0.002439	-0.001239
-0.002287	-0.001497
-0.002621	-0.000769
-0.002717	-0.000249
-0.002429	-0.001238
-0.002286	-0.001482
-0.002614	-0.000758
-0.002709	-0.000234
-0.002427	-0.001221
-0.002274	-0.001483
-0.002608	-0.000746
-0.002701	-0.000226
-0.002417	-0.001221
-0.002272	-0.001469
-0.002601	-0.000736
-0.002691	-0.000236
-0.002416	-0.001203
-0.002263	-0.001467
-0.002593	-0.000731
-0.002683	-0.000221
-0.002418	-0.001179
-0.002270	-0.001439
-0.002583	-0.000736
-0.002675	-0.000213
-0.002403	-0.001188
-0.002256	-0.001444
-0.002572	-0.000741
-0.002668	-0.000186
-0.002394	-0.001188
-0.002246	-0.001444
-0.002567	-0.000726
-0.002658	-0.000201
-0.002403	-0.001148
-0.002241	-0.001435
-0.002558	-0.000726
-0.002651	-0.000173
-0.002379	-0.001178
-0.002239	-0.001422
-0.002555	-0.000704
-0.002643	-0.000168
-0.002392	-0.001131
-0.002234	-0.001415
-0.002549	-0.000696
-0.002634	-0.000176
-0.002374	-0.001150
-0.002226	-0.001412
-0.002548	-0.000666
-0.002627	-0.000158
-0.002375	-0.001127
-0.002214	-0.001415
-0.002540	-0.000663
-0.002619	-0.000151
-0.002359	-0.001143
-0.002217	-0.001394
-0.002525	-0.000688
-0.002612	-0.000128
-0.002356	-0.001130
-0.002213	-0.001384
-0.002522	-0.000668
-0.002604	-0.000123
-0.002348	-0.001127
-0.002193	-0.001402
-0.002504	-0.000703
-0.002596	-0.000108
-0.002352	-0.001100
-0.002193	-0.001387
-0.002509	-0.000651
-0.002587	-0.000131
-0.002342	-0.001103
-0.002187	-0.001381
-0.002496	-0.000670
-0.002582	-0.000060
-0.002339	-0.001090
-0.002182	-0.001374
-0.002490	-0.000661
-0.002572	-0.000103
-0.002359	-0.001025
-0.002179	-0.001363
-0.002492	-0.000623
-0.002566	-0.000063
-0.002329	-0.001075
-0.002175	-0.001356
-0.002490	-0.000598
-0.002558	-0.000078
-0.002402	-0.000877
-0.002145	-0.001389
-0.002496	-0.000535
-0.002550	-0.000065
-0.002331	-0.001032
-0.002077	-0.001474
-0.002522	-0.000342
-0.002543	-0.000065
-0.002289	-0.001105
-0.002133	-0.001379
-0.002467	-0.000598
-0.002536	0.000035
-0.002309	-0.001045
-0.002171	-0.001303
-0.002461	-0.000590
-0.002528	-0.000055
-0.002412	-0.000754
-0.002071	-0.001445
-0.002442	-0.000633
-0.002521	-0.000050
-0.002419	-0.000703
-0.002200	-0.001223
-0.002458	-0.000535
-0.002514	-0.000005
-0.002298	-0.001015
-0.002139	-0.001313
-0.002434	-0.000605
-0.002507	0.000008
-0.002131	-0.001316
-0.002135	-0.001306
-0.002436	-0.000568
-0.002499	-0.000028
-0.002288	-0.001002
-0.002131	-0.001299
-0.002427	-0.000573
-0.002492	-0.000018
-0.002303	-0.000947
-0.002122	-0.001301
-0.002422	-0.000565
-0.002485	0.000018
-0.002281	-0.000982
-0.002105	-0.001314
-0.002415	-0.000565
-0.002478	-0.000018
-0.002278	-0.000972
-0.002106	-0.001299
-0.002407	-0.000568
-0.002471	0.000005
-0.002263	-0.000987
-0.002118	-0.001266
-0.002403	-0.000552
-0.002464	0.000015
-0.002268	-0.000959
-0.002102	-0.001279
-0.002395	-0.000557
-0.002457	0.000025
-0.002257	-0.000967
-0.002082	-0.001299
-0.002385	-0.000570
-0.002450	0.000013
-0.002240	-0.000989
-0.002097	-0.001261
-0.002383	-0.000550
-0.002443	0.000062
-0.002198	-0.001065
-0.002099	-0.001244
-0.002375	-0.000554
-0.002437	0.000034
-0.002240	-0.000956
-0.002077	-0.001269
-0.002371	-0.000542
-0.002430	0.000049
-0.002237	-0.000945
-0.002080	-0.001251
-0.002361	-0.000554
-0.002422	0.000083
-0.002238	-0.000927
-0.002061	-0.001269
-0.002360	-0.000529
-0.002416	0.000070
-0.002234	-0.000919
-0.002063	-0.001254
-0.002353	-0.000534
-0.002410	0.000057
-0.002224	-0.000927
-0.002057	-0.001251
-0.002353	-0.000503
-0.002403	0.000075
-0.002212	-0.000938
-0.002073	-0.001212
-0.002345	-0.000508
-0.002397	0.000083
-0.002205	-0.000938
-0.002050	-0.001239
-0.002337	-0.000518
-0.002391	0.000073
-0.002210	-0.000910
-0.002055	-0.001217
-0.002332	-0.000510
-0.002385	0.000060
-0.002221	-0.000866
-0.002038	-0.001233
-0.002327	-0.000502
-0.002378	0.000073
-0.002218	-0.000858
-0.002042	-0.001215
-0.002321	-0.000500
-0.002372	0.000073
-0.002210	-0.000860
-0.002029	-0.001225
-0.002317	-0.000489
-0.002365	0.000093
-0.002202	-0.000863
-0.002047	-0.001182
-0.002313	-0.000482
-0.002357	0.000140
-0.002186	-0.000888
-0.002024	-0.001210
-0.002305	-0.000489
-0.002353	0.000104
-0.002178	-0.000891
-0.002041	-0.001168
-0.002298	-0.000492
-0.002345	0.000142
-0.002187	-0.000852
-0.002022	-0.001190
-0.002298	-0.000464
-0.002341	0.000101
-0.002193	-0.000822
-0.002012	-0.001194
-0.002290	-0.000472
-0.002334	0.000117
-0.002193	-0.000803
-0.002015	-0.001178
-0.002284	-0.000471
-0.002327	0.000145
-0.002152	-0.000893
-0.002008	-0.001179
-0.002278	-0.000474
-0.002321	0.000145
-0.002168	-0.000837
-0.002001	-0.001178
-0.002277	-0.000451
-0.002316	0.000127
-0.002165	-0.000829
-0.002002	-0.001166
-0.002271	-0.000451
-0.002310	0.000137
-0.002161	-0.000824
-0.002002	-0.001155
-0.002268	-0.000438
-0.002303	0.000153
-0.002156	-0.000821
-0.001992	-0.001160
-0.002261	-0.000443
-0.002298	0.000137
-0.002153	-0.000811
-0.002003	-0.001130
-0.002254	-0.000448
-0.002294	0.000124
-0.002163	-0.000769
-0.001985	-0.001150
-0.002250	-0.000440
-0.002286	0.000155
-0.002158	-0.000767
-0.001987	-0.001135
-0.002244	-0.000440
-0.002281	0.000145
-0.002139	-0.000803
-0.001968	-0.001157
-0.002240	-0.000435
-0.002274	0.000166
-0.002140	-0.000785
-0.001969	-0.001145
-0.002234	-0.000435
-0.002267	0.000184
-0.002136	-0.000779
-0.001968	-0.001137
-0.002227	-0.000445
-0.002263	0.000176
-0.002129	-0.000782
-0.001962	-0.001135
-0.002226	-0.000422
-0.002257	0.000184
-0.002135	-0.000751
-0.001963	-0.001124
-0.002221	-0.000420
-0.002251	0.000187
-0.002128	-0.000753
-0.001957	-0.001123
-0.002215	-0.000422
-0.002247	0.000174
-0.002125	-0.000746
-0.001956	-0.001114
-0.002211	-0.000417
-0.002242	0.000174
-0.002113	-0.000764
-0.001950	-0.001114
-0.002206	-0.000414
-0.002234	0.000205
-0.002113	-0.000748
-0.001950	-0.001103
-0.002202	-0.000409
-0.002230	0.000184
-0.002112	-0.000736
-0.001951	-0.001091
-0.002196	-0.000409
-0.002223	0.000210
-0.002111	-0.000723
-0.001945	-0.001091
-0.002193	-0.000396
-0.002219	0.000199
-0.002102	-0.000733
-0.001922	-0.001122
-0.002190	-0.000389
-0.002212	0.000215
-0.002097	-0.000733
-0.001932	-0.001093
-0.002183	-0.000396
-0.002208	0.000210
-0.002091	-0.000736
-0.001928	-0.001091
-0.002178	-0.000396
-0.002202	0.000212
-0.002093	-0.000712
-0.001922	-0.001091
-0.002175	-0.000383
-0.002199	0.000197
-0.002082	-0.000730
-0.001911	-0.001100
-0.002168	-0.000399
-0.002192	0.000218
-0.002085	-0.000707
-0.001917	-0.001079
-0.002167	-0.000372
-0.002186	0.000228
-0.002074	-0.000722
-0.001930	-0.001047
-0.002160	-0.000388
-0.002182	0.000218
-0.002075	-0.000707
-0.001908	-0.001076
-0.002156	-0.000379
-0.002177	0.000218
-0.002072	-0.000700
-0.001914	-0.001056
-0.002151	-0.000379
-0.002174	0.000205
-0.002076	-0.000672
-0.001902	-0.001067
-0.002148	-0.000372
-0.002169	0.000199
-0.002066	-0.000688
-0.001901	-0.001060
-0.002144	-0.000366
-0.002162	0.000228
-0.002071	-0.000658
-0.001886	-0.001076
-0.002139	-0.000369
-0.002156	0.000234
-0.002061	-0.000671
-0.001910	-0.001024
-0.002137	-0.000353
-0.002151	0.000241
-0.002054	-0.000677
-0.001895	-0.001041
-0.002130	-0.000366
-0.002148	0.000228
-0.002043	-0.000697
-0.001890	-0.001040
-0.002129	-0.000340
-0.002140	0.000257
-0.002042	-0.000684
-0.001890	-0.001032
-0.002123	-0.000350
-0.002136	0.000247
-0.002049	-0.000649
-0.001883	-0.001033
-0.002122	-0.000331
-0.002132	0.000247
-0.002045	-0.000648
-0.001879	-0.001031
-0.002115	-0.000340
-0.002127	0.000251
-0.002054	-0.000603
-0.001882	-0.001018
-0.002111	-0.000341
-0.002120	0.000270
-0.002048	-0.000607
-0.001875	-0.001021
-0.002104	-0.000356
-0.002117	0.000257
-0.002047	-0.000594
-0.001873	-0.001015
-0.002101	-0.000347
-0.002113	0.000254
-0.002036	-0.000616
-0.001882	-0.000989
-0.002096	-0.000347
-0.002108	0.000257
-0.002035	-0.000603
-0.001868	-0.001005
-0.002095	-0.000328
-0.002101	0.000276
-0.002026	-0.000617
-0.001863	-0.001005
-0.002092	-0.000315
-0.002099	0.000260
-0.002018	-0.000630
-0.001863	-0.000996
-0.002090	-0.000302
-0.002094	0.000267
-0.002016	-0.000620
-0.001862	-0.000989
-0.002081	-0.000331
-0.002086	0.000289
-0.002016	-0.000607
-0.001849	-0.001005
-0.002080	-0.000311
-0.002084	0.000276
-0.002009	-0.000613
-0.001857	-0.000980
-0.002076	-0.000308
-0.002079	0.000280
-0.002011	-0.000594
-0.001837	-0.001008
-0.002070	-0.000321
-0.002072	0.000302
-0.002009	-0.000584
-0.001852	-0.000972
-0.002065	-0.000324
-0.002070	0.000279
-0.002011	-0.000562
-0.001844	-0.000977
-0.002064	-0.000305
-0.002067	0.000273
-0.002003	-0.000575
-0.001840	-0.000976
-0.002060	-0.000302
-0.002064	0.000266
-0.002003	-0.000562
-0.001813	-0.001017
-0.002055	-0.000305
-0.002054	0.000308
-0.001990	-0.000591
-0.001822	-0.000991
-0.002048	-0.000327
-0.002053	0.000286
-0.001990	-0.000575
-0.001821	-0.000986
-0.002047	-0.000302
-0.002043	0.000324
-0.002000	-0.000523
-0.001838	-0.000945
-0.002045	-0.000289
-0.002046	0.000273
-0.001966	-0.000626
-0.001802	-0.001002
-0.002038	-0.000308
-0.002036	0.000318
-0.001961	-0.000629
-0.001819	-0.000964
-0.002037	-0.000289
-0.002038	0.000273
-0.001994	-0.000498
-0.001818	-0.000957
-0.002032	-0.000295
-0.002031	0.000299
-0.002024	-0.000337
-0.001815	-0.000954
-0.002026	-0.000308
-0.002022	0.000331
-0.001968	-0.000565
-0.001814	-0.000947
-0.002024	-0.000299
-0.002029	0.000254
-0.001975	-0.000527
-0.001811	-0.000944
-0.002023	-0.000276
-0.002021	0.000279
-0.001963	-0.000553
-0.001807	-0.000944
-0.002019	-0.000273
-0.002012	0.000318
-0.001954	-0.000571
-0.001798	-0.000953
-0.001952	-0.000283
-0.001947	0.000308
-0.001901	-0.000520
-0.001742	-0.000919
-0.001950	-0.000271
-0.001949	0.000274
-0.001901	-0.000505
-0.001744	-0.000906
-0.001947	-0.000268
-0.001939	0.000314
-0.001896	-0.000508
-0.001727	-0.000932
-0.001942	-0.000274
-0.001934	0.000321
-0.001897	-0.000492
-0.001743	-0.000893
-0.001936	-0.000286
-0.001934	0.000296
-0.001896	-0.000479
-0.001723	-0.000922
-0.001936	-0.000265
-0.001929	0.000302
-0.001875	-0.000542
-0.001741	-0.000881
-0.001934	-0.000249
-0.001921	0.000330
-0.001892	-0.000467
-0.001724	-0.000906
-0.001929	-0.000258
-0.001919	0.000321
-0.001892	-0.000452
-0.001737	-0.000872
-0.001927	-0.000252
-0.001919	0.000299
-0.001876	-0.000499
-0.001727	-0.000884
-0.001921	-0.000265
-0.001909	0.000339
-0.001872	-0.000501
-0.001720	-0.000891
-0.001918	-0.000265
-0.001907	0.000327
-0.001869	-0.000498
-0.001715	-0.000893
-0.001915	-0.000258
-0.001905	0.000318
-0.001865	-0.000498
-0.001713	-0.000888
-0.001913	-0.000243
-0.001901	0.000324
-0.001865	-0.000486
-0.001718	-0.000871
-0.001910	-0.000243
-0.001896	0.000330
-0.001863	-0.000480
-0.001715	-0.000869
-0.001906	-0.000246
-0.001894	0.000321
-0.001854	-0.000498
-0.001719	-0.000853
-0.001903	-0.000240
-0.001894	0.000297
-0.001857	-0.000476
-0.001706	-0.000872
-0.001901	-0.000232
-0.001889	0.000310
-0.001865	-0.000428
-0.001694	-0.000887
-0.001895	-0.000249
-0.001883	0.000323
-0.001858	-0.000441
-0.001693	-0.000882
-0.001891	-0.000253
-0.001875	0.000349
-0.001852	-0.000454
-0.001696	-0.000870
-0.001891	-0.000231
-0.001872	0.000349
-0.001842	-0.000480
-0.001697	-0.000859
-0.001887	-0.000232
-0.001871	0.000336
-0.001849	-0.000436
-0.001690	-0.000865
-0.001885	-0.000223
-0.001868	0.000332
-0.001836	-0.000475
-0.001698	-0.000842
-0.001879	-0.000245
-0.001864	0.000336
-0.001845	-0.000423
-0.001699	-0.000834
-0.001878	-0.000227
-0.001859	0.000345
-0.001839	-0.000437
-0.001696	-0.000833
-0.001874	-0.000231
-0.001858	0.000331
-0.001839	-0.000419
-0.001680	-0.000855
-0.001873	-0.000214
-0.001854	0.000336
-0.001833	-0.000432
-0.001690	-0.000830
-0.001867	-0.000231
-0.001846	0.000358
-0.001835	-0.000411
-0.001684	-0.000833
-0.001866	-0.000218
-0.001845	0.000349
-0.001831	-0.000410
-0.001680	-0.000834
-0.001861	-0.000227
-0.001841	0.000353
-0.001819	-0.000449
-0.001675	-0.000837
-0.001860	-0.000210
-0.001841	0.000336
-0.001824	-0.000414
-0.001664	-0.000852
-0.001857	-0.000205
-0.001830	0.000376
-0.001820	-0.000415
-0.001676	-0.000821
-0.001855	-0.000201
-0.001833	0.000345
-0.001822	-0.000393
-0.001677	-0.000812
-0.001849	-0.000222
-0.001826	0.000363
-0.001809	-0.000437
-0.001680	-0.000798
-0.001845	-0.000227
-0.001824	0.000354
-0.001811	-0.000415
-0.001663	-0.000825
-0.001843	-0.000218
-0.001820	0.000362
-0.001811	-0.000401
-0.001646	-0.000852
-0.001842	-0.000205
-0.001818	0.000354
-0.001816	-0.000358
-0.001654	-0.000829
-0.001838	-0.000205
-0.001811	0.000375
-0.001802	-0.000410
-0.001649	-0.000833
-0.001835	-0.000210
-0.001806	0.000380
-0.001802	-0.000397
-0.001664	-0.000795
-0.001834	-0.000183
-0.001805	0.000371
-0.001796	-0.000411
-0.001460	-0.000722
-0.001618	-0.000181
-0.001595	0.000321
-0.001579	-0.000390
-0.001457	-0.000722
-0.001614	-0.000189
-0.001596	0.000301
-0.001586	-0.000347
-0.001461	-0.000707
-0.001614	-0.000166
-0.001589	0.000324
-0.001592	-0.000305
-0.001464	-0.000695
-0.001609	-0.000185
-0.001586	0.000328
-0.001588	-0.000313
-0.001448	-0.000722
-0.001608	-0.000174
-0.001590	0.000293
-0.001584	-0.000321
-0.001467	-0.000676
-0.001608	-0.000151
-0.001576	0.000348
-0.001582	-0.000316
-0.001463	-0.000679
-0.001602	-0.000178
-0.001580	0.000317
-0.001581	-0.000309
-0.001451	-0.000698
-0.001599	-0.000182
-0.001577	0.000317
-0.001580	-0.000301
-0.001448	-0.000699
-0.001594	-0.000201
-0.001571	0.000332
-0.001576	-0.000305
-0.001458	-0.000671
-0.001596	-0.000166
-0.001567	0.000340
-0.001571	-0.000317
-0.001438	-0.000707
-0.001593	-0.000170
-0.001563	0.000347
-0.001561	-0.000352
-0.001441	-0.000695
-0.001591	-0.000158
-0.001560	0.000348
-0.001571	-0.000293
-0.001441	-0.000688
-0.001590	-0.000139
-0.001562	0.000328
-0.001557	-0.000348
-0.001443	-0.000679
-0.001588	-0.000143
-0.001558	0.000332
-0.001550	-0.000367
-0.001435	-0.000690
-0.001585	-0.000143
-0.001557	0.000328
-0.001545	-0.000375
-0.001444	-0.000664
-0.001582	-0.000150
-0.001560	0.000297
-0.001553	-0.000332
-0.001445	-0.000657
-0.001579	-0.000158
-0.001545	0.000359
-0.001561	-0.000274
-0.001435	-0.000671
-0.001580	-0.000108
-0.001551	0.000320
-0.001528	-0.000413
-0.001420	-0.000698
-0.001573	-0.000162
-0.001546	0.000328
-0.001551	-0.000305
-0.001429	-0.000672
-0.001571	-0.000162
-0.001538	0.000355
-0.001527	-0.000398
-0.001434	-0.000657
-0.001568	-0.000162
-0.001529	0.000382
-0.001553	-0.000263
-0.001422	-0.000676
-0.001568	-0.000143
-0.001525	0.000386
-0.001543	-0.000305
-0.001409	-0.000699
-0.001567	-0.000116
-0.001536	0.000332
-0.001520	-0.000394
-0.001417	-0.000676
-0.001563	-0.000139
-0.001533	0.000332
-0.001549	-0.000243
-0.001420	-0.000664
-0.001560	-0.000151
-0.001537	0.000301
-0.001551	-0.000216
-0.001416	-0.000667
-0.001554	-0.000181
-0.001530	0.000325
-0.001531	-0.000316
-0.001413	-0.000668
-0.001556	-0.000143
-0.001531	0.000305
-0.001527	-0.000324
-0.001422	-0.000641
-0.001552	-0.000153
-0.001518	0.000353
-0.001533	-0.000280
-0.001399	-0.000686
-0.001552	-0.000126
-0.001516	0.000354
-0.001526	-0.000305
-0.001407	-0.000664
-0.001546	-0.000170
-0.001507	0.000380
-0.001523	-0.000310
-0.001409	-0.000654
-0.001547	-0.000131
-0.001509	0.000362
-0.001530	-0.000258
-0.001414	-0.000637
-0.001545	-0.000131
-0.001528	0.000258
-0.001534	-0.000214
-0.001401	-0.000659
-0.001544	-0.000113
-0.001507	0.000350
-0.001531	-0.000222
-0.001445	-0.000550
-0.001540	-0.000127
-0.001463	0.000498
-0.001524	-0.000249
-0.001392	-0.000668
-0.001519	-0.000275
-0.001441	0.000550
-0.001510	-0.000314
-0.001389	-0.000668
-0.001530	-0.000184
-0.001503	0.000336
-0.001535	-0.000126
-0.001403	-0.000634
-0.001535	-0.000113
-0.001497	0.000354
-0.001523	-0.000210
-0.001445	-0.000524
-0.001520	-0.000227
-0.001505	0.000305
-0.001525	-0.000175
-0.001448	-0.000510
-0.001532	-0.000087
-0.001455	0.000485
-0.001508	-0.000275
-0.001422	-0.000571
-0.001523	-0.000162
-0.001496	0.000327
-0.001501	-0.000301
-0.001305	-0.000799
-0.001526	-0.000105
-0.001484	0.000371
-0.001505	-0.000266
-0.001405	-0.000602
-0.001524	-0.000109
-0.001490	0.000332
-0.001517	-0.000170
-0.001388	-0.000633
-0.001522	-0.000100
-0.001487	0.000336
-0.001499	-0.000275
-0.001397	-0.000607
-0.001517	-0.000140
-0.001478	0.000366
-0.001499	-0.000262
-0.001367	-0.000668
-0.001516	-0.000127
-0.001480	0.000349
-0.001491	-0.000296
-0.001400	-0.000589
-0.001513	-0.000131
-0.001476	0.000354
-0.001491	-0.000283
-0.001383	-0.000624
-0.001513	-0.000109
-0.001476	0.000345
-0.001487	-0.000292
-0.001388	-0.000607
-0.001511	-0.000105
-0.001479	0.000323
-0.001489	-0.000271
-0.001350	-0.000682
-0.001508	-0.000109
-0.001463	0.000380
-0.001504	-0.000144
-0.001298	-0.000773
-0.001502	-0.000157
-0.001460	0.000385
-0.001504	-0.000122
-0.001369	-0.000632
-0.001502	-0.000135
-0.001472	0.000323
-0.001488	-0.000240
-0.001367	-0.000633
-0.001500	-0.000135
-0.001481	0.000267
-0.001499	-0.000127
-0.001357	-0.000650
-0.001501	-0.000092
-0.001467	0.000327
-0.001466	-0.000331
-0.001358	-0.000642
-0.001498	-0.000105
-0.001439	0.000427
-0.001486	-0.000205
-0.001355	-0.000643
-0.001495	-0.000109
-0.001460	0.000340
-0.001477	-0.000253
-0.001370	-0.000606
-0.001492	-0.000122
-0.001455	0.000350
-0.001477	-0.000240
-0.001367	-0.000607
-0.001492	-0.000100
-0.001461	0.000314
-0.001485	-0.000162
-0.001355	-0.000628
-0.001486	-0.000149
-0.001446	0.000371
-0.001480	-0.000188
-0.001354	-0.000625
-0.001487	-0.000113
-0.001444	0.000371
-0.001475	-0.000214
-0.001357	-0.000615
-0.001484	-0.000118
-0.001439	0.000379
-0.001470	-0.000231
-0.001327	-0.000672
-0.001485	-0.000083
-0.001432	0.000397
-0.001477	-0.000162
-0.001360	-0.000597
-0.001480	-0.000122
-0.001434	0.000385
-0.001453	-0.000301
-0.001354	-0.000607
-0.001478	-0.000118
-0.001439	0.000357
-0.001469	-0.000196
-0.001335	-0.000641
-0.001480	-0.000052
-0.001436	0.000358
-0.001468	-0.000188
-0.001341	-0.000625
-0.001476	-0.000096
-0.001438	0.000341
-0.001447	-0.000302
-0.001353	-0.000593
-0.001473	-0.000105
-0.001436	0.000341
-0.001456	-0.000240
-0.001337	-0.000625
-0.001472	-0.000096
-0.001428	0.000367
-0.001462	-0.000183
-0.001339	-0.000615
-0.001469	-0.000109
-0.001431	0.000345
-0.001457	-0.000209
-0.001340	-0.000607
-0.001468	-0.000092
-0.001424	0.000367
-0.001457	-0.000192
-0.001340	-0.000602
-0.001465	-0.000100
-0.001427	0.000345
-0.001462	-0.000135
-0.001336	-0.000607
-0.001464	-0.000092
-0.001421	0.000363
-0.001442	-0.000262
-0.001345	-0.000581
-0.001460	-0.000113
-0.001423	0.000345
-0.001455	-0.000157
-0.001343	-0.000580
-0.001461	-0.000083
-0.001405	0.000406
-0.001449	-0.000196
-0.001341	-0.000581
-0.001458	-0.000087
-0.001405	0.000397
-0.001453	-0.000140
-0.001335	-0.000589
-0.001455	-0.000105
-0.001410	0.000371
-0.001444	-0.000205
-0.001331	-0.000594
-0.001454	-0.000087
-0.001410	0.000367
-0.001448	-0.000157
-0.001335	-0.000580
-0.001453	-0.000083
-0.001406	0.000371
-0.001433	-0.000245
-0.001333	-0.000581
-0.001448	-0.000122
-0.001396	0.000401
-0.001435	-0.000222
-0.001331	-0.000580
-0.001447	-0.000109
-0.001413	0.000327
-0.001439	-0.000179
-0.001343	-0.000545
-0.001448	-0.000074
-0.001405	0.000353
-0.001440	-0.000153
-0.001327	-0.000580
-0.001446	-0.000074
-0.001396	0.000380
-0.001438	-0.000157
-0.001339	-0.000545
-0.001445	-0.000057
-0.001398	0.000367
-0.001437	-0.000144
-0.001335	-0.000550
-0.001442	-0.000079
-0.001385	0.000406
-0.001436	-0.000144
-0.001324	-0.000572
-0.001439	-0.000087
-0.001398	0.000350
-0.001432	-0.000157
-0.001318	-0.000581
-0.001436	-0.000100
-0.001384	0.000397
-0.001429	-0.000166
-0.001338	-0.000529
-0.001436	-0.000070
-0.001394	0.000350
-0.001431	-0.000135
-0.001300	-0.000611
-0.001433	-0.000092
-0.001393	0.000349
-0.001424	-0.000183
-0.001320	-0.000564
-0.001430	-0.000109
-0.001402	0.000301
-0.001426	-0.000148
-0.001322	-0.000554
-0.001430	-0.000083
-0.001389	0.000349
-0.001425	-0.000136
-0.001314	-0.000567
-0.001427	-0.000105
-0.001371	0.000406
-0.001420	-0.000170
-0.001310	-0.000572
-0.001428	-0.000057
-0.001382	0.000362
-0.001421	-0.000140
-0.001315	-0.000555
-0.001425	-0.000079
-0.001361	0.000428
-0.001410	-0.000214
-0.001314	-0.000554
-0.001423	-0.000083
-0.001363	0.000415
-0.001417	-0.000148
-0.001319	-0.000537
-0.001421	-0.000092
-0.001368	0.000393
-0.001406	-0.000218
-0.001322	-0.000524
-0.001420	-0.000066
-0.001370	0.000379
-0.001415	-0.000127
-0.001308	-0.000554
-0.001417	-0.000087
-0.001362	0.000400
-0.001413	-0.000125
-0.001300	-0.000567
-0.001417	-0.000060
-0.001375	0.000344
-0.001408	-0.000158
-0.001313	-0.000533
-0.001415	-0.000070
-0.001360	0.000394
-0.001401	-0.000204
-0.001301	-0.000557
-0.001414	-0.000046
-0.001368	0.000357
-0.001410	-0.000107
-0.001299	-0.000557
-0.001411	-0.000070
-0.001360	0.000381
-0.001409	-0.000098
-0.001301	-0.000548
-0.001409	-0.000070
-0.001365	0.000357
-0.001399	-0.000177
-0.001305	-0.000534
-0.001407	-0.000079
-0.001354	0.000389
-0.001396	-0.000190
-0.001285	-0.000575
-0.001405	-0.000093
-0.001347	0.000409
-0.001390	-0.000213
-0.001295	-0.000548
-0.001405	-0.000056
-0.001360	0.000353
-0.001399	-0.000130
-0.001301	-0.000530
-0.001404	-0.000005
-0.001352	0.000376
-0.001392	-0.000181
-0.001290	-0.000552
-0.001402	-0.000046
-0.001352	0.000372
-0.001388	-0.000195
-0.001308	-0.000501
-0.001399	-0.000060
-0.001343	0.000395
-0.001393	-0.000139
-0.001305	-0.000506
-0.001397	-0.000074
-0.001337	0.000409
-0.001393	-0.000116
-0.001294	-0.000529
-0.001395	-0.000079
-0.001344	0.000380
-0.001389	-0.000139
-0.001292	-0.000530
-0.001394	-0.000074
-0.001338	0.000395
-0.001389	-0.000130
-0.001284	-0.000543
-0.001393	-0.000042
-0.001336	0.000394
-0.001387	-0.000130
-0.001286	-0.000534
-0.001390	-0.000070
-0.001332	0.000404
-0.001384	-0.000139
-0.001131	-0.000484
-0.001229	-0.000049
-0.001175	0.000362
-0.001224	-0.000111
-0.001146	-0.000444
-0.001227	-0.000053
-0.001179	0.000345
-0.001226	-0.000066
-0.001128	-0.000484
-0.001226	-0.000041
-0.001171	0.000366
-0.001224	-0.000070
-0.001122	-0.000493
-0.001224	-0.000058
-0.001174	0.000349
-0.001222	-0.000074
-0.001133	-0.000464
-0.001222	-0.000070
-0.001201	0.000234
-0.001223	-0.000033
-0.001125	-0.000480
-0.001220	-0.000074
-0.001183	0.000308
-0.001217	-0.000107
-0.001099	-0.000533
-0.001219	-0.000070
-0.001201	0.000217
-0.001217	-0.000086
-0.001123	-0.000476
-0.001216	-0.000094
-0.001181	0.000303
-0.001218	-0.000035
-0.001108	-0.000506
-0.001217	-0.000044
-0.001161	0.000367
-0.001203	-0.000187
-0.001096	-0.000528
-0.001205	-0.000170
-0.001185	0.000275
-0.001194	-0.000232
-0.001149	-0.000397
-0.001200	0.000192
-0.001187	0.000258
-0.001204	-0.000157
-0.001124	-0.000459
-0.001213	-0.000031
-0.001122	0.000463
-0.001192	-0.000227
-0.001125	-0.000453
-0.001208	-0.000105
-0.001190	0.000231
-0.001208	-0.000100
-0.001146	-0.000394
-0.001211	-0.000031
-0.001196	0.000188
-0.001182	-0.000262
-0.001171	-0.000306
-0.001209	-0.000026
-0.001119	0.000459
-0.001196	-0.000175
-0.001091	-0.000519
-0.001207	-0.000057
-0.001104	0.000489
-0.001157	-0.000345
-0.001068	-0.000562
-0.001203	-0.000092
-0.001169	0.000297
-0.001194	-0.000171
-0.001119	-0.000450
-0.001205	0.000017
-0.001149	0.000363
-0.001172	-0.000280
-0.001117	-0.000450
-0.001204	-0.000031
-0.001161	0.000319
-0.001203	0.000026
-0.001085	-0.000519
-0.001201	-0.000057
-0.001125	0.000423
-0.001188	-0.000179
-0.001110	-0.000459
-0.001201	-0.000017
-0.001152	0.000340
-0.001195	-0.000118
-0.001082	-0.000519
-0.001199	-0.000044
-0.001165	0.000284
-0.001193	-0.000118
-0.001134	-0.000388
-0.001194	-0.000100
-0.001140	0.000367
-0.001191	-0.000131
-0.001139	-0.000371
-0.001197	0.000017
-0.001195	-0.000070
-0.001189	-0.000131
-0.001071	-0.000531
-0.001106	0.000455
-0.001130	0.000388
-0.001189	-0.000118
-0.001103	-0.000458
-0.001194	-0.000017
-0.001130	0.000384
-0.001193	0.000048
-0.001133	-0.000375
-0.001193	0.000017
-0.001144	0.000336
-0.001174	-0.000209
-0.001141	-0.000345
-0.001191	-0.000031
-0.001040	0.000581
-0.001187	-0.000096
-0.001090	-0.000479
-0.001189	-0.000057
-0.001160	0.000266
-0.001189	-0.000022
-0.001124	-0.000388
-0.001187	-0.000061
-0.001079	0.000498
-0.001179	-0.000148
-0.001127	-0.000376
-0.001187	-0.000028
-0.001131	0.000362
-0.001185	-0.000073
-0.001083	-0.000486
-0.001186	-0.000039
-0.001123	0.000380
-0.001170	-0.000189
-0.001102	-0.000436
-0.001183	0.000061
-0.001141	0.000317
-0.001183	-0.000061
-0.001111	-0.000408
-0.001183	-0.000045
-0.001098	0.000440
-0.001126	-0.000362
-0.001118	-0.000386
-0.001182	-0.000022
-0.001137	0.000323
-0.001182	0.000006
-0.001105	-0.000418
-0.001179	-0.000061
-0.001147	0.000280
-0.001177	0.000089
-0.001113	-0.000392
-0.001176	-0.000095
-0.001136	0.000317
-0.001165	-0.000184
-0.001086	-0.000457
-0.001177	-0.000050
-0.001121	0.000362
-0.001176	-0.000067
-0.001056	-0.000520
-0.001176	-0.000039
-0.001165	0.000167
-0.001176	-0.000039
-0.001105	-0.000402
-0.001173	-0.000073
-0.001138	0.000296
-0.001170	0.000106
-0.001104	-0.000401
-0.001174	-0.000022
-0.001095	0.000424
-0.001164	-0.000150
-0.001090	-0.000436
-0.001171	-0.000067
-0.001146	0.000251
-0.001158	-0.000185
-0.001097	-0.000412
-0.001151	0.000218
-0.001119	0.000345
-0.001170	-0.000061
-0.001100	-0.000402
-0.001170	0.000028
-0.001065	0.000485
-0.001165	-0.000111
-0.001104	-0.000385
-0.001168	-0.000045
-0.001150	0.000212
-0.001162	-0.000128
-0.001116	-0.000346
-0.001167	0.000050
-0.001149	0.000206
-0.001167	-0.000011
-0.001107	-0.000369
-0.001167	-0.000017
-0.001091	0.000414
-0.001161	-0.000106
-0.001106	-0.000369
-0.001165	0.000017
-0.001088	0.000418
-0.001116	-0.000335
-0.001048	-0.000507
-0.001164	-0.000022
-0.001084	0.000425
-0.001161	-0.000084
-0.001070	-0.000457
-0.001161	0.000061
-0.001083	0.000424
-0.001132	-0.000262
-0.001073	-0.000447
-0.001090	-0.000402
-0.001070	0.000451
-0.001149	0.000167
-0.001057	-0.000481
-0.001158	-0.000072
-0.001109	0.000340
-0.001149	-0.000162
-0.001086	-0.000407
-0.001158	0.000062
-0.001097	0.000373
-0.001150	-0.000140
-0.001035	-0.000520
-0.001158	0.000011
-0.001099	0.000363
-0.001155	0.000067
-0.001100	-0.000358
-0.001155	-0.000061
-0.001120	0.000290
-0.001155	-0.000061
-0.001108	-0.000330
-0.001154	0.000050
-0.001155	0.000022
-0.001154	0.000045
-0.001082	-0.000402
-0.001123	0.000268
-0.001090	0.000380
-0.001144	-0.000151
-0.001068	-0.000436
-0.001151	-0.000061
-0.001078	0.000408
-0.001141	0.000162
-0.001094	-0.000363
-0.001149	0.000084
-0.001114	0.000290
-0.001147	-0.000100
-0.001081	-0.000396
-0.001151	-0.000006
-0.000999	0.000570
-0.001130	-0.000212
-0.001032	-0.000507
-0.001144	-0.000112
-0.001129	0.000212
-0.001145	-0.000089
-0.001076	-0.000401
-0.001147	-0.000056
-0.001053	0.000457
-0.001140	-0.000134
-0.001107	-0.000302
-0.001147	0.000022
-0.001076	0.000396
-0.001146	0.000006
-0.001060	-0.000435
-0.001144	-0.000056
-0.001097	0.000329
-0.001140	-0.000112
-0.001084	-0.000369
-0.001144	-0.000039
-0.001093	0.000340
-0.000957	-0.000627
-0.001133	-0.000156
-0.001142	0.000056
-0.001059	0.000429
-0.001117	-0.000240
-0.001049	-0.000452
-0.001140	0.000078
-0.001051	0.000447
-0.001139	0.000078
-0.001089	-0.000341
-0.001138	-0.000084
-0.001100	0.000302
-0.001110	0.000262
-0.001087	-0.000345
-0.001139	-0.000039
-0.001100	0.000296
-0.001139	-0.000000
-0.001057	-0.000425
-0.001136	-0.000084
-0.001061	0.000413
-0.001034	0.000475
-0.000961	-0.000609
-0.001137	-0.000017
-0.001124	0.000173
-0.001131	0.000117
-0.001084	-0.000341
-0.001134	-0.000078
-0.001062	0.000403
-0.001047	0.000440
-0.001055	-0.000419
-0.001132	-0.000089
-0.001105	0.000257
-0.001134	0.000017
-0.001085	-0.000330
-0.001134	-0.000034
-0.001076	0.000357
-0.001133	-0.000045
-0.001064	-0.000390
-0.001131	0.000061
-0.000883	0.000710
-0.001132	0.000000
-0.001114	-0.000201
-0.001130	0.000067
-0.001066	0.000379
-0.001131	-0.000006
-0.001059	-0.000396
-0.001130	0.000028
-0.001078	0.000341
-0.001128	-0.000073
-0.001030	-0.000374
-0.001095	0.000038
-0.001017	0.000406
-0.001094	-0.000022
-0.001082	-0.000162
-0.001094	-0.000005
-0.001053	0.000297
-0.001093	-0.000038
-0.001033	-0.000357
-0.001093	0.000000
-0.001053	0.000292
-0.001090	0.000076
-0.001044	-0.000319
-0.001091	0.000054
-0.001002	0.000433
-0.001082	0.000141
-0.001050	-0.000298
-0.001091	0.000011
-0.001030	0.000358
-0.001090	-0.000000
-0.001000	-0.000433
-0.001086	-0.000086
-0.001011	0.000406
-0.001088	0.000060
-0.001025	-0.000369
-0.001088	-0.000027
-0.001037	0.000330
-0.001088	-0.000022
-0.001000	-0.000427
-0.001084	0.000087
-0.000995	0.000438
-0.001072	-0.000179
-0.001010	-0.000400
-0.001086	0.000043
-0.001025	0.000358
-0.001086	-0.000016
-0.000986	-0.000455
-0.001085	0.000016
-0.001046	0.000287
-0.001085	-0.000011
-0.001020	-0.000367
-0.001080	0.000092
-0.000948	0.000526
-0.001083	0.000032
-0.001068	-0.000184
-0.001083	-0.000022
-0.001083	0.000011
-0.001082	-0.000038
-0.001016	-0.000373
-0.001081	-0.000038
-0.000994	0.000427
-0.001061	0.000211
-0.001026	-0.000342
-0.001081	0.000016
-0.001063	0.000195
-0.001073	0.000125
-0.001007	-0.000390
-0.001079	-0.000038
-0.001035	0.000309
-0.001076	-0.000087
-0.000861	-0.000650
-0.001072	-0.000124
-0.001040	0.000287
-0.001077	-0.000049
-0.000987	-0.000434
-0.001062	0.000184
-0.001063	0.000179
-0.001067	-0.000152
-0.001059	-0.000195
-0.001069	0.000130
-0.000976	0.000455
-0.001074	-0.000076
-0.001031	-0.000309
-0.001075	0.000043
-0.001036	0.000288
-0.001073	-0.000076
-0.001066	-0.000141
-0.001057	-0.000195
-0.000995	0.000406
-0.000724	-0.000794
-0.001048	-0.000232
-0.001051	0.000217
-0.000994	0.000405
-0.001073	0.000000
-0.001045	-0.000244
-0.001069	0.000092
-0.001013	0.000352
-0.001072	-0.000011
-0.001025	-0.000314
