4096
0.000000	0.000000
-0.000001	0.493552
-0.093325	0.000000
0.128506	0.000002
-0.104713	-0.000002
0.167897	0.000006
-0.082970	-0.000004
0.101289	0.000008
-0.057987	-0.000006
0.045483	0.000006
-0.035896	-0.000005
0.006348	0.000001
-0.009150	-0.000002
0.021061	0.000005
-0.014091	-0.000004
0.010303	0.000003
-0.024227	-0.000009
0.043673	0.000019
-0.054264	-0.000026
0.052822	0.000029
-0.029628	-0.000018
0.072636	0.000048
-0.060872	-0.000044
0.009697	0.000008
-0.028750	-0.000025
0.009860	0.000009
-0.022329	-0.000023
0.017000	0.000019
-0.011004	-0.000013
0.032457	0.000041
-0.024208	-0.000032
0.012005	0.000017
-0.008463	-0.000013
0.007528	0.000012
-0.005477	-0.000009
0.010184	0.000019
-0.008946	-0.000017
0.022467	0.000046
-0.017814	-0.000039
0.021984	0.000050
-0.010825	-0.000026
0.013490	0.000034
-0.011792	-0.000031
0.015843	0.000044
-0.018504	-0.000054
0.009142	0.000028
-0.009706	-0.000031
0.023022	0.000076
-0.018590	-0.000064
0.014279	0.000051
-0.006695	-0.000025
0.016172	0.000063
-0.014479	-0.000059
0.006767	0.000028
-0.013334	-0.000058
0.015130	0.000069
-0.004185	-0.000020
0.012761	0.000062
-0.010826	-0.000055
0.010423	0.000054
-0.014896	-0.000080
0.010575	0.000059
-0.007600	-0.000044
0.004378	0.000026
-0.006711	-0.000041
0.012219	0.000077
-0.013347	-0.000087
0.018119	0.000122
-0.008130	-0.000056
0.005741	0.000041
-0.000933	-0.000007
0.002626	0.000020
-0.004925	-0.000038
0.012699	0.000101
-0.007459	-0.000061
0.000983	0.000008
-0.001419	-0.000012
0.008352	0.000074
-0.000746	-0.000007
0.009839	0.000092
-0.006377	-0.000061
0.017923	0.000176
-0.009224	-0.000093
0.017853	0.000184
-0.008435	-0.000089
0.006176	0.000067
-0.005453	-0.000060
0.002671	0.000030
-0.003368	-0.000039
0.007955	0.000094
-0.009822	-0.000119
0.003221	0.000040
-0.004982	-0.000063
0.005640	0.000073
-0.004075	-0.000054
0.004971	0.000067
-0.008221	-0.000114
0.003452	0.000049
-0.000531	-0.000008
0.003843	0.000056
-0.000456	-0.000007
0.004368	0.000067
-0.003286	-0.000051
0.002301	0.000037
-0.002973	-0.000048
0.002599	0.000043
-0.003639	-0.000061
0.001813	0.000031
-0.001674	-0.000029
0.000843	0.000015
-0.000946	-0.000017
0.001521	0.000028
-0.002425	-0.000046
0.004437	0.000085
-0.001832	-0.000036
0.001590	0.000032
-0.001466	-0.000030
0.002488	0.000051
-0.001848	-0.000039
0.001706	0.000036
-0.001997	-0.000043
0.002219	0.000049
-0.002929	-0.000065
0.004417	0.000100
-0.002902	-0.000067
0.004909	0.000115
-0.002706	-0.000064
0.001100	0.000027
-0.002781	-0.000068
0.004829	0.000120
-0.000557	-0.000014
0.002344	0.000060
-0.002916	-0.000076
0.003858	0.000102
-0.002189	-0.000059
0.001240	0.000034
-0.007098	-0.000197
0.004765	0.000134
-0.002468	-0.000070
0.003838	0.000111
-0.004042	-0.000119
0.001585	0.000047
-0.001629	-0.000049
0.001870	0.000057
-0.001769	-0.000055
0.001030	0.000032
-0.004652	-0.000149
0.001353	0.000044
-0.000786	-0.000026
0.001827	0.000061
-0.001967	-0.000066
0.002247	0.000077
-0.002464	-0.000085
0.003200	0.000112
-0.001606	-0.000057
0.003605	0.000130
-0.001669	-0.000061
0.002088	0.000077
-0.000423	-0.000016
0.003050	0.000116
-0.002035	-0.000078
0.002578	0.000100
-0.001466	-0.000058
0.000878	0.000035
-0.001325	-0.000053
0.001945	0.000079
-0.000893	-0.000037
0.000651	0.000027
-0.002710	-0.000115
0.000904	0.000039
-0.002001	-0.000087
0.002026	0.000089
-0.001277	-0.000057
0.000900	0.000040
-0.000060	-0.000003
0.000410	0.000019
-0.002095	-0.000097
0.000679	0.000032
-0.001680	-0.000080
0.000271	0.000013
-0.000854	-0.000041
0.002059	0.000101
-0.001842	-0.000091
0.000588	0.000030
-0.001423	-0.000072
0.001127	0.000058
-0.001012	-0.000053
0.001257	0.000066
-0.000977	-0.000052
0.001263	0.000068
-0.000416	-0.000023
0.001690	0.000092
-0.001188	-0.000066
0.001002	0.000056
-0.001299	-0.000073
0.001426	0.000081
-0.001192	-0.000069
0.001813	0.000106
-0.001252	-0.000074
0.001087	0.000065
-0.001519	-0.000091
0.000587	0.000036
-0.001520	-0.000093
0.001213	0.000075
-0.000997	-0.000062
0.001111	0.000070
-0.001167	-0.000074
0.001138	0.000073
-0.001138	-0.000074
0.001003	0.000066
-0.001111	-0.000073
0.000960	0.000064
-0.001305	-0.000088
0.001013	0.000069
-0.001190	-0.000082
0.001317	0.000091
-0.001368	-0.000096
0.001121	0.000079
-0.001135	-0.000081
0.001312	0.000094
-0.001031	-0.000075
0.001240	0.000091
-0.001157	-0.000086
0.001102	0.000082
-0.000984	-0.000074
0.001277	0.000097
-0.001333	-0.000102
0.001009	0.000078
-0.001334	-0.000104
0.001214	0.000096
-0.001263	-0.000100
0.001177	0.000094
-0.001139	-0.000092
0.001158	0.000094
-0.001218	-0.000100
0.001292	0.000107
-0.001112	-0.000093
0.000965	0.000081
-0.001612	-0.000137
0.001088	0.000093
-0.001690	-0.000146
0.001478	0.000129
-0.000814	-0.000072
0.001036	0.000092
-0.001151	-0.000103
0.001088	0.000098
-0.001171	-0.000106
0.001168	0.000107
-0.000884	-0.000082
0.001780	0.000166
-0.001096	-0.000103
0.001326	0.000125
-0.001159	-0.000111
0.001286	0.000124
-0.001219	-0.000118
0.001140	0.000111
-0.001417	-0.000140
0.000909	0.000090
-0.000787	-0.000079
0.001617	0.000163
-0.001739	-0.000177
0.001072	0.000110
-0.001397	-0.000144
0.000918	0.000096
-0.001582	-0.000166
0.001645	0.000174
-0.001874	-0.000199
0.001149	0.000123
-0.001032	-0.000111
0.001000	0.000109
-0.001331	-0.000146
0.000629	0.000069
-0.001643	-0.000183
0.001524	0.000171
-0.000956	-0.000108
0.001529	0.000174
-0.001478	-0.000169
0.000933	0.000108
-0.000942	-0.000110
0.001476	0.000173
-0.000690	-0.000081
0.001544	0.000183
-0.001140	-0.000136
0.001043	0.000126
-0.000559	-0.000068
0.001881	0.000230
-0.002204	-0.000271
0.001086	0.000135
-0.000932	-0.000116
0.001257	0.000158
-0.000868	-0.000110
0.001464	0.000187
-0.001439	-0.000185
0.000577	0.000075
-0.001318	-0.000172
0.001379	0.000181
-0.001327	-0.000175
0.001645	0.000219
-0.001531	-0.000205
0.001271	0.000171
-0.001941	-0.000263
0.001349	0.000184
-0.001822	-0.000250
0.000357	0.000049
-0.001563	-0.000218
0.001292	0.000181
-0.001110	-0.000157
0.001094	0.000156
-0.001208	-0.000173
0.001230	0.000177
-0.001118	-0.000162
0.001246	0.000182
-0.001104	-0.000162
0.001080	0.000160
-0.001027	-0.000153
0.001088	0.000163
-0.001036	-0.000156
0.001058	0.000160
-0.001027	-0.000157
0.001027	0.000158
-0.001012	-0.000156
0.001008	0.000157
-0.000984	-0.000154
0.000981	0.000155
-0.000971	-0.000154
0.000962	0.000153
-0.000953	-0.000153
0.000946	0.000153
-0.000939	-0.000153
0.000932	0.000153
-0.000926	-0.000152
0.000920	0.000152
-0.000914	-0.000152
0.000908	0.000152
-0.000903	-0.000152
0.000897	0.000152
-0.000892	-0.000152
0.000887	0.000152
-0.000882	-0.000152
0.000877	0.000152
-0.000872	-0.000153
0.000867	0.000153
-0.000863	-0.000153
0.000858	0.000153
-0.000854	-0.000153
0.000850	0.000153
-0.000845	-0.000153
0.000841	0.000153
-0.000837	-0.000154
0.000833	0.000154
-0.000829	-0.000154
0.000825	0.000154
-0.000821	-0.000154
0.000818	0.000154
-0.000814	-0.000155
0.000810	0.000155
-0.000807	-0.000155
0.000803	0.000155
-0.000799	-0.000155
0.000796	0.000156
-0.000793	-0.000156
0.000789	0.000156
-0.000786	-0.000156
0.000783	0.000157
-0.000779	-0.000157
0.000776	0.000157
-0.000773	-0.000157
0.000770	0.000157
-0.000767	-0.000158
0.000764	0.000158
-0.000761	-0.000158
0.000758	0.000158
-0.000755	-0.000159
0.000752	0.000159
-0.000749	-0.000159
0.000746	0.000159
-0.000743	-0.000160
0.000740	0.000160
-0.000737	-0.000160
0.000735	0.000161
-0.000732	-0.000161
0.000729	0.000161
-0.000726	-0.000161
0.000724	0.000162
-0.000721	-0.000162
0.000718	0.000162
-0.000716	-0.000162
0.000713	0.000163
-0.000711	-0.000163
0.000708	0.000163
-0.000706	-0.000164
0.000703	0.000164
-0.000701	-0.000164
0.000698	0.000165
-0.000696	-0.000165
0.000693	0.000165
-0.000691	-0.000165
0.000689	0.000166
-0.000686	-0.000166
0.000684	0.000166
-0.000682	-0.000167
0.000679	0.000167
-0.000677	-0.000167
0.000675	0.000167
-0.000673	-0.000168
0.000670	0.000168
-0.000668	-0.000168
0.000666	0.000169
-0.000664	-0.000169
0.000662	0.000169
-0.000659	-0.000170
0.000657	0.000170
-0.000655	-0.000170
0.000653	0.000171
-0.000651	-0.000171
0.000649	0.000171
-0.000647	-0.000172
0.000645	0.000172
-0.000643	-0.000172
0.000641	0.000172
-0.000639	-0.000173
0.000637	0.000173
-0.000635	-0.000173
0.000633	0.000174
-0.000631	-0.000174
0.000629	0.000174
-0.000627	-0.000175
0.000625	0.000175
-0.000623	-0.000175
0.000621	0.000176
-0.000619	-0.000176
0.000617	0.000176
-0.000615	-0.000177
0.000613	0.000177
-0.000611	-0.000177
0.000610	0.000178
-0.000608	-0.000178
0.000606	0.000178
-0.000604	-0.000179
0.000602	0.000179
-0.000600	-0.000179
0.000599	0.000180
-0.000597	-0.000180
0.000595	0.000180
-0.000593	-0.000181
0.000592	0.000181
-0.000590	-0.000181
0.000588	0.000181
-0.000586	-0.000182
0.000585	0.000182
-0.000583	-0.000182
0.000581	0.000183
-0.000580	-0.000183
0.000578	0.000183
-0.000576	-0.000184
0.000575	0.000184
-0.000573	-0.000184
0.000571	0.000185
-0.000570	-0.000185
0.000568	0.000185
-0.000566	-0.000186
0.000565	0.000186
-0.000563	-0.000186
0.000562	0.000187
-0.000560	-0.000187
0.000558	0.000187
-0.000557	-0.000188
0.000555	0.000188
-0.000554	-0.000188
0.000552	0.000189
-0.000550	-0.000189
0.000549	0.000189
-0.000547	-0.000190
0.000546	0.000190
-0.000544	-0.000190
0.000543	0.000191
-0.000541	-0.000191
0.000540	0.000191
-0.000538	-0.000192
0.000537	0.000192
-0.000535	-0.000192
0.000534	0.000193
-0.000532	-0.000193
0.000531	0.000193
-0.000529	-0.000194
0.000528	0.000194
-0.000526	-0.000194
0.000525	0.000195
-0.000524	-0.000195
0.000522	0.000195
-0.000521	-0.000196
0.000519	0.000196
-0.000518	-0.000196
0.000516	0.000197
-0.000515	-0.000197
0.000514	0.000197
-0.000512	-0.000198
0.000511	0.000198
-0.000509	-0.000198
0.000508	0.000199
-0.000507	-0.000199
0.000505	0.000199
-0.000504	-0.000200
0.000502	0.000200
-0.000501	-0.000200
0.000500	0.000201
-0.000498	-0.000201
0.000497	0.000201
-0.000496	-0.000202
0.000494	0.000202
-0.000493	-0.000202
0.000492	0.000203
-0.000490	-0.000203
0.000489	0.000203
-0.000488	-0.000204
0.000486	0.000204
-0.000485	-0.000204
0.000484	0.000205
-0.000483	-0.000205
0.000481	0.000205
-0.000480	-0.000206
0.000479	0.000206
-0.000477	-0.000206
0.000476	0.000207
-0.000475	-0.000207
0.000474	0.000207
-0.000472	-0.000208
0.000471	0.000208
-0.000470	-0.000208
0.000468	0.000209
-0.000467	-0.000209
0.000466	0.000209
-0.000465	-0.000210
0.000463	0.000210
-0.000462	-0.000210
0.000461	0.000211
-0.000460	-0.000211
0.000459	0.000211
-0.000457	-0.000212
0.000456	0.000212
-0.000455	-0.000212
0.000454	0.000213
-0.000452	-0.000213
0.000451	0.000213
-0.000450	-0.000214
0.000449	0.000214
-0.000448	-0.000214
0.000446	0.000215
-0.000445	-0.000215
0.000444	0.000215
-0.000443	-0.000216
0.000442	0.000216
-0.000441	-0.000216
0.000439	0.000217
-0.000438	-0.000217
0.000437	0.000217
-0.000436	-0.000218
0.000435	0.000218
-0.000434	-0.000218
0.000432	0.000219
-0.000431	-0.000219
0.000430	0.000219
-0.000429	-0.000220
0.000428	0.000220
-0.000427	-0.000220
0.000426	0.000221
-0.000424	-0.000221
0.000423	0.000221
-0.000422	-0.000222
0.000421	0.000222
-0.000420	-0.000222
0.000419	0.000222
-0.000418	-0.000223
0.000416	0.000223
-0.000415	-0.000223
0.000414	0.000224
-0.000413	-0.000224
0.000412	0.000224
-0.000411	-0.000225
0.000410	0.000225
-0.000409	-0.000225
0.000408	0.000226
-0.000406	-0.000226
0.000405	0.000226
-0.000404	-0.000227
0.000403	0.000227
-0.000402	-0.000227
0.000401	0.000228
-0.000400	-0.000228
0.000399	0.000228
-0.000398	-0.000229
0.000397	0.000229
-0.000396	-0.000229
0.000395	0.000229
-0.000393	-0.000230
0.000392	0.000230
-0.000391	-0.000230
0.000390	0.000231
-0.000389	-0.000231
0.000388	0.000231
-0.000387	-0.000232
0.000386	0.000232
-0.000385	-0.000232
0.000384	0.000233
-0.000383	-0.000233
0.000382	0.000233
-0.000381	-0.000234
0.000380	0.000234
-0.000379	-0.000234
0.000378	0.000234
-0.000377	-0.000235
0.000376	0.000235
-0.000374	-0.000235
0.000373	0.000236
-0.000372	-0.000236
0.000371	0.000236
-0.000370	-0.000237
0.000369	0.000237
-0.000368	-0.000237
0.000367	0.000237
-0.000366	-0.000238
0.000365	0.000238
-0.000364	-0.000238
0.000363	0.000239
-0.000362	-0.000239
0.000361	0.000239
-0.000360	-0.000240
0.000359	0.000240
-0.000358	-0.000240
0.000357	0.000240
-0.000356	-0.000241
0.000355	0.000241
-0.000354	-0.000241
0.000353	0.000242
-0.000352	-0.000242
0.000351	0.000242
-0.000350	-0.000243
0.000349	0.000243
-0.000348	-0.000243
0.000347	0.000243
-0.000346	-0.000244
0.000345	0.000244
-0.000344	-0.000244
0.000343	0.000245
-0.000342	-0.000245
0.000341	0.000245
-0.000340	-0.000245
0.000339	0.000246
-0.000338	-0.000246
0.000337	0.000246
-0.000336	-0.000247
0.000335	0.000247
-0.000334	-0.000247
0.000333	0.000247
-0.000332	-0.000248
0.000331	0.000248
-0.000330	-0.000248
0.000329	0.000249
-0.000328	-0.000249
0.000327	0.000249
-0.000326	-0.000249
0.000325	0.000250
-0.000324	-0.000250
0.000323	0.000250
-0.000323	-0.000251
0.000322	0.000251
-0.000321	-0.000251
0.000320	0.000251
-0.000319	-0.000252
0.000318	0.000252
-0.000317	-0.000252
0.000316	0.000252
-0.000315	-0.000253
0.000314	0.000253
-0.000313	-0.000253
0.000312	0.000254
-0.000311	-0.000254
0.000310	0.000254
-0.000309	-0.000254
0.000308	0.000255
-0.000307	-0.000255
0.000306	0.000255
-0.000305	-0.000255
0.000304	0.000256
-0.000303	-0.000256
0.000302	0.000256
-0.000301	-0.000257
0.000301	0.000257
-0.000300	-0.000257
0.000299	0.000257
-0.000298	-0.000258
0.000297	0.000258
-0.000296	-0.000258
0.000295	0.000258
-0.000294	-0.000259
0.000293	0.000259
-0.000292	-0.000259
0.000291	0.000259
-0.000290	-0.000260
0.000289	0.000260
-0.000288	-0.000260
0.000287	0.000260
-0.000286	-0.000261
0.000286	0.000261
-0.000285	-0.000261
0.000284	0.000261
-0.000283	-0.000262
0.000282	0.000262
-0.000281	-0.000262
0.000280	0.000262
-0.000279	-0.000263
0.000278	0.000263
-0.000277	-0.000263
0.000276	0.000263
-0.000275	-0.000264
0.000274	0.000264
-0.000273	-0.000264
0.000272	0.000264
-0.000272	-0.000265
0.000271	0.000265
-0.000270	-0.000265
0.000269	0.000265
-0.000268	-0.000265
0.000267	0.000266
-0.000266	-0.000266
0.000265	0.000266
-0.000264	-0.000266
0.000263	0.000267
-0.000262	-0.000267
0.000261	0.000267
-0.000261	-0.000267
0.000260	0.000268
-0.000259	-0.000268
0.000258	0.000268
-0.000257	-0.000268
0.000256	0.000268
-0.000255	-0.000269
0.000254	0.000269
-0.000253	-0.000269
0.000252	0.000269
-0.000251	-0.000270
0.000250	0.000270
-0.000250	-0.000270
0.000249	0.000270
-0.000248	-0.000270
0.000247	0.000271
-0.000246	-0.000271
0.000245	0.000271
-0.000244	-0.000271
0.000243	0.000271
-0.000242	-0.000272
0.000241	0.000272
-0.000240	-0.000272
0.000240	0.000272
-0.000239	-0.000273
0.000238	0.000273
-0.000237	-0.000273
0.000236	0.000273
-0.000235	-0.000273
0.000234	0.000274
-0.000233	-0.000274
0.000232	0.000274
-0.000231	-0.000274
0.000230	0.000274
-0.000230	-0.000275
0.000229	0.000275
-0.000228	-0.000275
0.000227	0.000275
-0.000226	-0.000275
0.000225	0.000275
-0.000224	-0.000276
0.000223	0.000276
-0.000222	-0.000276
0.000221	0.000276
-0.000221	-0.000276
0.000220	0.000277
-0.000219	-0.000277
0.000218	0.000277
-0.000217	-0.000277
0.000216	0.000277
-0.000215	-0.000278
0.000214	0.000278
-0.000213	-0.000278
0.000212	0.000278
-0.000211	-0.000278
0.000211	0.000278
-0.000210	-0.000279
0.000209	0.000279
-0.000208	-0.000279
0.000207	0.000279
-0.000206	-0.000279
0.000205	0.000279
-0.000204	-0.000280
0.000203	0.000280
-0.000203	-0.000280
0.000202	0.000280
-0.000201	-0.000280
0.000200	0.000280
-0.000199	-0.000281
0.000198	0.000281
-0.000197	-0.000281
0.000196	0.000281
-0.000195	-0.000281
0.000194	0.000281
-0.000194	-0.000281
0.000193	0.000282
-0.000192	-0.000282
0.000191	0.000282
-0.000190	-0.000282
0.000189	0.000282
-0.000188	-0.000282
0.000187	0.000282
-0.000186	-0.000283
0.000185	0.000283
-0.000185	-0.000283
0.000184	0.000283
-0.000183	-0.000283
0.000182	0.000283
-0.000181	-0.000283
0.000180	0.000284
-0.000179	-0.000284
0.000178	0.000284
-0.000177	-0.000284
0.000177	0.000284
-0.000176	-0.000284
0.000175	0.000284
-0.000174	-0.000284
0.000173	0.000285
-0.000172	-0.000285
0.000171	0.000285
-0.000170	-0.000285
0.000169	0.000285
-0.000169	-0.000285
0.000168	0.000285
-0.000167	-0.000285
0.000166	0.000285
-0.000165	-0.000286
0.000164	0.000286
-0.000163	-0.000286
0.000162	0.000286
-0.000161	-0.000286
0.000161	0.000286
-0.000160	-0.000286
0.000159	0.000286
-0.000158	-0.000286
0.000157	0.000287
-0.000156	-0.000287
0.000155	0.000287
-0.000154	-0.000287
0.000153	0.000287
-0.000153	-0.000287
0.000152	0.000287
-0.000151	-0.000287
0.000150	0.000287
-0.000149	-0.000287
0.000148	0.000287
-0.000147	-0.000288
0.000146	0.000288
-0.000145	-0.000288
0.000145	0.000288
-0.000144	-0.000288
0.000143	0.000288
-0.000142	-0.000288
0.000141	0.000288
-0.000140	-0.000288
0.000139	0.000288
-0.000138	-0.000288
0.000137	0.000288
-0.000137	-0.000288
0.000136	0.000288
-0.000135	-0.000289
0.000134	0.000289
-0.000133	-0.000289
0.000132	0.000289
-0.000131	-0.000289
0.000130	0.000289
-0.000129	-0.000289
0.000129	0.000289
-0.000128	-0.000289
0.000127	0.000289
-0.000126	-0.000289
0.000125	0.000289
-0.000124	-0.000289
0.000123	0.000289
-0.000122	-0.000289
0.000121	0.000289
-0.000121	-0.000289
0.000120	0.000289
-0.000119	-0.000289
0.000118	0.000289
-0.000117	-0.000289
0.000116	0.000289
-0.000115	-0.000289
0.000114	0.000290
-0.000113	-0.000290
0.000113	0.000290
-0.000112	-0.000290
0.000111	0.000290
-0.000110	-0.000290
0.000109	0.000290
-0.000108	-0.000290
0.000107	0.000290
-0.000106	-0.000290
0.000106	0.000290
-0.000105	-0.000290
0.000104	0.000290
-0.000103	-0.000290
0.000102	0.000290
-0.000101	-0.000290
0.000100	0.000290
-0.000099	-0.000290
0.000098	0.000290
-0.000098	-0.000290
0.000097	0.000290
-0.000096	-0.000290
0.000095	0.000290
-0.000094	-0.000290
0.000093	0.000290
-0.000092	-0.000290
0.000091	0.000290
-0.000090	-0.000290
0.000090	0.000290
-0.000089	-0.000290
0.000088	0.000290
-0.000087	-0.000290
0.000086	0.000289
-0.000085	-0.000289
0.000084	0.000289
-0.000083	-0.000289
0.000083	0.000289
-0.000082	-0.000289
0.000081	0.000289
-0.000080	-0.000289
0.000079	0.000289
-0.000078	-0.000289
0.000077	0.000289
-0.000076	-0.000289
0.000076	0.000289
-0.000075	-0.000289
0.000074	0.000289
-0.000073	-0.000289
0.000072	0.000289
-0.000071	-0.000289
0.000070	0.000289
-0.000069	-0.000289
0.000068	0.000289
-0.000068	-0.000289
0.000067	0.000288
-0.000066	-0.000288
0.000065	0.000288
-0.000064	-0.000288
0.000063	0.000288
-0.000062	-0.000288
0.000061	0.000288
-0.000061	-0.000288
0.000060	0.000288
-0.000059	-0.000288
0.000058	0.000288
-0.000057	-0.000288
0.000056	0.000288
-0.000055	-0.000287
0.000054	0.000287
-0.000054	-0.000287
0.000053	0.000287
-0.000052	-0.000287
0.000051	0.000287
-0.000050	-0.000287
0.000049	0.000287
-0.000048	-0.000287
0.000047	0.000287
-0.000047	-0.000286
0.000046	0.000286
-0.000045	-0.000286
0.000044	0.000286
-0.000043	-0.000286
0.000042	0.000286
-0.000041	-0.000286
0.000041	0.000286
-0.000040	-0.000286
0.000039	0.000285
-0.000038	-0.000285
0.000037	0.000285
-0.000036	-0.000285
0.000035	0.000285
-0.000034	-0.000285
0.000034	0.000285
-0.000033	-0.000284
0.000032	0.000284
-0.000031	-0.000284
0.000030	0.000284
-0.000029	-0.000284
0.000028	0.000284
-0.000027	-0.000284
0.000027	0.000283
-0.000026	-0.000283
0.000025	0.000283
-0.000024	-0.000283
0.000023	0.000283
-0.000022	-0.000283
0.000021	0.000282
-0.000021	-0.000282
0.000020	0.000282
-0.000019	-0.000282
0.000018	0.000282
-0.000017	-0.000282
0.000016	0.000281
-0.000015	-0.000281
0.000015	0.000281
-0.000014	-0.000281
0.000013	0.000281
-0.000012	-0.000281
0.000011	0.000280
-0.000010	-0.000280
0.000009	0.000280
-0.000009	-0.000280
0.000008	0.000280
-0.000007	-0.000279
0.000006	0.000279
-0.000005	-0.000279
0.000004	0.000279
-0.000003	-0.000279
0.000003	0.000278
-0.000002	-0.000278
0.000001	0.000278
-0.000000	-0.000278
-0.000001	0.000277
0.000002	-0.000277
-0.000003	0.000277
0.000003	-0.000277
-0.000004	0.000277
0.000005	-0.000276
-0.000006	0.000276
0.000007	-0.000276
-0.000008	0.000276
0.000008	-0.000275
-0.000009	0.000275
0.000010	-0.000275
-0.000011	0.000275
0.000012	-0.000274
-0.000013	0.000274
0.000014	-0.000274
-0.000014	0.000274
0.000015	-0.000273
-0.000016	0.000273
0.000017	-0.000273
-0.000018	0.000273
0.000019	-0.000272
-0.000019	0.000272
0.000020	-0.000272
-0.000021	0.000272
0.000022	-0.000271
-0.000023	0.000271
0.000024	-0.000271
-0.000024	0.000270
0.000025	-0.000270
-0.000026	0.000270
0.000027	-0.000270
-0.000028	0.000269
0.000029	-0.000269
-0.000029	0.000269
0.000030	-0.000268
-0.000031	0.000268
0.000032	-0.000268
-0.000033	0.000268
0.000034	-0.000267
-0.000034	0.000267
0.000035	-0.000267
-0.000036	0.000266
0.000037	-0.000266
-0.000038	0.000266
0.000039	-0.000265
-0.000039	0.000265
0.000040	-0.000265
-0.000041	0.000264
0.000042	-0.000264
-0.000043	0.000264
0.000043	-0.000263
-0.000044	0.000263
0.000045	-0.000263
-0.000046	0.000262
0.000047	-0.000262
-0.000048	0.000262
0.000048	-0.000261
-0.000049	0.000261
0.000050	-0.000261
-0.000051	0.000260
0.000052	-0.000260
-0.000052	0.000260
0.000053	-0.000259
-0.000054	0.000259
0.000055	-0.000259
-0.000056	0.000258
0.000056	-0.000258
-0.000057	0.000257
0.000058	-0.000257
-0.000059	0.000257
0.000060	-0.000256
-0.000060	0.000256
0.000061	-0.000256
-0.000062	0.000255
0.000063	-0.000255
-0.000064	0.000254
0.000064	-0.000254
-0.000065	0.000254
0.000066	-0.000253
-0.000067	0.000253
0.000068	-0.000252
-0.000068	0.000252
0.000069	-0.000252
-0.000070	0.000251
0.000071	-0.000251
-0.000072	0.000250
0.000072	-0.000250
-0.000073	0.000250
0.000074	-0.000249
-0.000075	0.000249
0.000075	-0.000248
-0.000076	0.000248
0.000077	-0.000248
-0.000078	0.000247
0.000079	-0.000247
-0.000079	0.000246
0.000080	-0.000246
-0.000081	0.000245
0.000082	-0.000245
-0.000082	0.000245
0.000083	-0.000244
-0.000084	0.000244
0.000085	-0.000243
-0.000085	0.000243
0.000086	-0.000242
-0.000087	0.000242
0.000088	-0.000241
-0.000089	0.000241
0.000089	-0.000240
-0.000090	0.000240
0.000091	-0.000240
-0.000092	0.000239
0.000092	-0.000239
-0.000093	0.000238
0.000094	-0.000238
-0.000095	0.000237
0.000095	-0.000237
-0.000096	0.000236
0.000097	-0.000236
-0.000098	0.000235
0.000098	-0.000235
-0.000099	0.000234
0.000100	-0.000234
-0.000101	0.000233
0.000101	-0.000233
-0.000102	0.000232
0.000103	-0.000232
-0.000103	0.000231
0.000104	-0.000231
-0.000105	0.000230
0.000106	-0.000230
-0.000106	0.000229
0.000107	-0.000229
-0.000108	0.000228
0.000109	-0.000228
-0.000109	0.000227
0.000110	-0.000227
-0.000111	0.000226
0.000111	-0.000226
-0.000112	0.000225
0.000113	-0.000224
-0.000114	0.000224
0.000114	-0.000223
-0.000115	0.000223
0.000116	-0.000222
-0.000116	0.000222
0.000117	-0.000221
-0.000118	0.000221
0.000119	-0.000220
-0.000119	0.000220
0.000120	-0.000219
-0.000121	0.000218
0.000121	-0.000218
-0.000122	0.000217
0.000123	-0.000217
-0.000123	0.000216
0.000124	-0.000216
-0.000125	0.000215
0.000125	-0.000214
-0.000126	0.000214
0.000127	-0.000213
-0.000127	0.000213
0.000128	-0.000212
-0.000129	0.000212
0.000130	-0.000211
-0.000130	0.000210
0.000131	-0.000210
-0.000132	0.000209
0.000132	-0.000209
-0.000133	0.000208
0.000134	-0.000207
-0.000134	0.000207
0.000135	-0.000206
-0.000136	0.000206
0.000136	-0.000205
-0.000137	0.000204
0.000137	-0.000204
-0.000138	0.000203
0.000139	-0.000203
-0.000139	0.000202
0.000140	-0.000201
-0.000141	0.000201
0.000141	-0.000200
-0.000142	0.000199
0.000143	-0.000199
-0.000143	0.000198
0.000144	-0.000197
-0.000145	0.000197
0.000145	-0.000196
-0.000146	0.000196
0.000146	-0.000195
-0.000147	0.000194
0.000148	-0.000194
-0.000148	0.000193
0.000149	-0.000192
-0.000150	0.000192
0.000150	-0.000191
-0.000151	0.000190
0.000151	-0.000190
-0.000152	0.000189
0.000153	-0.000188
-0.000153	0.000188
0.000154	-0.000187
-0.000154	0.000186
0.000155	-0.000186
-0.000156	0.000185
0.000156	-0.000184
-0.000157	0.000184
0.000157	-0.000183
-0.000158	0.000182
0.000159	-0.000182
-0.000159	0.000181
0.000160	-0.000180
-0.000160	0.000179
0.000161	-0.000179
-0.000161	0.000178
0.000162	-0.000177
-0.000163	0.000177
0.000163	-0.000176
-0.000164	0.000175
0.000164	-0.000175
-0.000165	0.000174
0.000165	-0.000173
-0.000166	0.000172
0.000166	-0.000172
-0.000167	0.000171
0.000168	-0.000170
-0.000168	0.000170
0.000169	-0.000169
-0.000169	0.000168
0.000170	-0.000167
-0.000170	0.000167
0.000171	-0.000166
-0.000171	0.000165
0.000172	-0.000164
-0.000172	0.000164
0.000173	-0.000163
-0.000173	0.000162
0.000174	-0.000161
-0.000174	0.000161
0.000175	-0.000160
-0.000176	0.000159
0.000176	-0.000158
-0.000177	0.000158
0.000177	-0.000157
-0.000178	0.000156
0.000178	-0.000155
-0.000179	0.000155
0.000179	-0.000154
-0.000180	0.000153
0.000180	-0.000152
-0.000180	0.000152
0.000181	-0.000151
-0.000181	0.000150
0.000182	-0.000149
-0.000182	0.000149
0.000183	-0.000148
-0.000183	0.000147
0.000184	-0.000146
-0.000184	0.000145
0.000185	-0.000145
-0.000185	0.000144
0.000186	-0.000143
-0.000186	0.000142
0.000187	-0.000141
-0.000187	0.000141
0.000187	-0.000140
-0.000188	0.000139
0.000188	-0.000138
-0.000189	0.000137
0.000189	-0.000137
-0.000190	0.000136
0.000190	-0.000135
-0.000191	0.000134
0.000191	-0.000133
-0.000191	0.000133
0.000192	-0.000132
-0.000192	0.000131
0.000193	-0.000130
-0.000193	0.000129
0.000193	-0.000129
-0.000194	0.000128
0.000194	-0.000127
-0.000195	0.000126
0.000195	-0.000125
-0.000195	0.000124
0.000196	-0.000124
-0.000196	0.000123
0.000197	-0.000122
-0.000197	0.000121
0.000197	-0.000120
-0.000198	0.000119
0.000198	-0.000119
-0.000198	0.000118
0.000199	-0.000117
-0.000199	0.000116
0.000200	-0.000115
-0.000200	0.000114
0.000200	-0.000114
-0.000201	0.000113
0.000201	-0.000112
-0.000201	0.000111
0.000202	-0.000110
-0.000202	0.000109
0.000202	-0.000108
-0.000203	0.000108
0.000203	-0.000107
-0.000203	0.000106
0.000204	-0.000105
-0.000204	0.000104
0.000204	-0.000103
-0.000205	0.000102
0.000205	-0.000101
-0.000205	0.000101
0.000206	-0.000100
-0.000206	0.000099
0.000206	-0.000098
-0.000206	0.000097
0.000207	-0.000096
-0.000207	0.000095
0.000207	-0.000094
-0.000208	0.000094
0.000208	-0.000093
-0.000208	0.000092
0.000208	-0.000091
-0.000209	0.000090
0.000209	-0.000089
-0.000209	0.000088
0.000209	-0.000087
-0.000210	0.000087
0.000210	-0.000086
-0.000210	0.000085
0.000210	-0.000084
-0.000211	0.000083
0.000211	-0.000082
-0.000211	0.000081
0.000211	-0.000080
-0.000212	0.000079
0.000212	-0.000078
-0.000212	0.000078
0.000212	-0.000077
-0.000213	0.000076
0.000213	-0.000075
-0.000213	0.000074
0.000213	-0.000073
-0.000213	0.000072
0.000214	-0.000071
-0.000214	0.000070
0.000214	-0.000069
-0.000214	0.000068
0.000214	-0.000068
-0.000215	0.000067
0.000215	-0.000066
-0.000215	0.000065
0.000215	-0.000064
-0.000215	0.000063
0.000215	-0.000062
-0.000216	0.000061
0.000216	-0.000060
-0.000216	0.000059
0.000216	-0.000058
-0.000216	0.000057
0.000216	-0.000057
-0.000216	0.000056
0.000217	-0.000055
-0.000217	0.000054
0.000217	-0.000053
-0.000217	0.000052
0.000217	-0.000051
-0.000217	0.000050
0.000217	-0.000049
-0.000217	0.000048
0.000218	-0.000047
-0.000218	0.000046
0.000218	-0.000045
-0.000218	0.000044
0.000218	-0.000044
-0.000218	0.000043
0.000218	-0.000042
-0.000218	0.000041
0.000218	-0.000040
-0.000218	0.000039
0.000218	-0.000038
-0.000218	0.000037
0.000219	-0.000036
-0.000219	0.000035
0.000219	-0.000034
-0.000219	0.000033
0.000219	-0.000032
-0.000219	0.000031
0.000219	-0.000030
-0.000219	0.000029
0.000219	-0.000029
-0.000219	0.000028
0.000219	-0.000027
-0.000219	0.000026
0.000219	-0.000025
-0.000219	0.000024
0.000219	-0.000023
-0.000219	0.000022
0.000219	-0.000021
-0.000219	0.000020
0.000219	-0.000019
-0.000219	0.000018
0.000219	-0.000017
-0.000219	0.000016
0.000219	-0.000015
-0.000219	0.000014
0.000219	-0.000013
-0.000219	0.000012
0.000219	-0.000012
-0.000219	0.000011
0.000219	-0.000010
-0.000219	0.000009
0.000219	-0.000008
-0.000219	0.000007
0.000219	-0.000006
-0.000219	0.000005
0.000218	-0.000004
-0.000218	0.000003
0.000218	-0.000002
-0.000218	0.000001
0.000218	-0.000000
-0.000218	-0.000001
0.000218	0.000002
-0.000218	-0.000003
0.000218	0.000004
-0.000218	-0.000005
0.000218	0.000006
-0.000217	-0.000006
0.000217	0.000007
-0.000217	-0.000008
0.000217	0.000009
-0.000217	-0.000010
0.000217	0.000011
-0.000217	-0.000012
0.000217	0.000013
-0.000216	-0.000014
0.000216	0.000015
-0.000216	-0.000016
0.000216	0.000017
-0.000216	-0.000018
0.000216	0.000019
-0.000216	-0.000020
0.000215	0.000021
-0.000215	-0.000022
0.000215	0.000023
-0.000215	-0.000023
0.000215	0.000024
-0.000214	-0.000025
0.000214	0.000026
-0.000214	-0.000027
0.000214	0.000028
-0.000214	-0.000029
0.000213	0.000030
-0.000213	-0.000031
0.000213	0.000032
-0.000213	-0.000033
0.000213	0.000034
-0.000212	-0.000035
0.000212	0.000036
-0.000212	-0.000037
0.000212	0.000037
-0.000211	-0.000038
0.000211	0.000039
-0.000211	-0.000040
0.000211	0.000041
-0.000210	-0.000042
0.000210	0.000043
-0.000210	-0.000044
0.000210	0.000045
-0.000209	-0.000046
0.000209	0.000047
-0.000209	-0.000048
0.000208	0.000049
-0.000208	-0.000050
0.000208	0.000050
-0.000208	-0.000051
0.000207	0.000052
-0.000207	-0.000053
0.000207	0.000054
-0.000206	-0.000055
0.000206	0.000056
-0.000206	-0.000057
0.000205	0.000058
-0.000205	-0.000059
0.000205	0.000060
-0.000204	-0.000060
0.000204	0.000061
-0.000204	-0.000062
0.000203	0.000063
-0.000203	-0.000064
0.000203	0.000065
-0.000202	-0.000066
0.000202	0.000067
-0.000201	-0.000068
0.000201	0.000069
-0.000201	-0.000069
0.000200	0.000070
-0.000200	-0.000071
0.000200	0.000072
-0.000199	-0.000073
0.000199	0.000074
-0.000198	-0.000075
0.000198	0.000076
-0.000198	-0.000077
0.000197	0.000077
-0.000197	-0.000078
0.000196	0.000079
-0.000196	-0.000080
0.000195	0.000081
-0.000195	-0.000082
0.000194	0.000083
-0.000194	-0.000084
0.000194	0.000084
-0.000193	-0.000085
0.000193	0.000086
-0.000192	-0.000087
0.000192	0.000088
-0.000191	-0.000089
0.000191	0.000090
-0.000190	-0.000090
0.000190	0.000091
-0.000189	-0.000092
0.000189	0.000093
-0.000188	-0.000094
0.000188	0.000095
-0.000187	-0.000096
0.000187	0.000096
-0.000186	-0.000097
0.000186	0.000098
-0.000185	-0.000099
0.000185	0.000100
-0.000184	-0.000101
0.000184	0.000101
-0.000183	-0.000102
0.000183	0.000103
-0.000182	-0.000104
0.000182	0.000105
-0.000181	-0.000105
0.000181	0.000106
-0.000180	-0.000107
0.000179	0.000108
-0.000179	-0.000109
0.000178	0.000110
-0.000178	-0.000110
0.000177	0.000111
-0.000177	-0.000112
0.000176	0.000113
-0.000175	-0.000114
0.000175	0.000114
-0.000174	-0.000115
0.000174	0.000116
-0.000173	-0.000117
0.000172	0.000117
-0.000172	-0.000118
0.000171	0.000119
-0.000171	-0.000120
0.000170	0.000121
-0.000169	-0.000121
0.000169	0.000122
-0.000168	-0.000123
0.000167	0.000124
-0.000167	-0.000124
0.000166	0.000125
-0.000166	-0.000126
0.000165	0.000127
-0.000164	-0.000127
0.000164	0.000128
-0.000163	-0.000129
0.000162	0.000130
-0.000162	-0.000130
0.000161	0.000131
-0.000160	-0.000132
0.000160	0.000133
-0.000159	-0.000133
0.000158	0.000134
-0.000158	-0.000135
0.000157	0.000135
-0.000156	-0.000136
0.000155	0.000137
-0.000155	-0.000138
0.000154	0.000138
-0.000153	-0.000139
0.000153	0.000140
-0.000152	-0.000140
0.000151	0.000141
-0.000150	-0.000142
0.000150	0.000142
-0.000149	-0.000143
0.000148	0.000144
-0.000147	-0.000145
0.000147	0.000145
-0.000146	-0.000146
0.000145	0.000147
-0.000144	-0.000147
0.000144	0.000148
-0.000143	-0.000149
0.000142	0.000149
-0.000141	-0.000150
0.000141	0.000150
-0.000140	-0.000151
0.000139	0.000152
-0.000138	-0.000152
0.000138	0.000153
-0.000137	-0.000154
0.000136	0.000154
-0.000135	-0.000155
0.000134	0.000156
-0.000134	-0.000156
0.000133	0.000157
-0.000132	-0.000157
0.000131	0.000158
-0.000130	-0.000159
0.000130	0.000159
-0.000129	-0.000160
0.000128	0.000160
-0.000127	-0.000161
0.000126	0.000162
-0.000125	-0.000162
0.000125	0.000163
-0.000124	-0.000163
0.000123	0.000164
-0.000122	-0.000164
0.000121	0.000165
-0.000120	-0.000166
0.000120	0.000166
-0.000119	-0.000167
0.000118	0.000167
-0.000117	-0.000168
0.000116	0.000168
-0.000115	-0.000169
0.000114	0.000169
-0.000114	-0.000170
0.000113	0.000170
-0.000112	-0.000171
0.000111	0.000171
-0.000110	-0.000172
0.000109	0.000172
-0.000108	-0.000173
0.000107	0.000173
-0.000107	-0.000174
0.000106	0.000174
-0.000105	-0.000175
0.000104	0.000175
-0.000103	-0.000176
0.000102	0.000176
-0.000101	-0.000177
0.000100	0.000177
-0.000099	-0.000178
0.000098	0.000178
-0.000097	-0.000179
0.000097	0.000179
-0.000096	-0.000179
0.000095	0.000180
-0.000094	-0.000180
0.000093	0.000181
-0.000092	-0.000181
0.000091	0.000182
-0.000090	-0.000182
0.000089	0.000182
-0.000088	-0.000183
0.000087	0.000183
-0.000086	-0.000184
0.000085	0.000184
-0.000084	-0.000184
0.000083	0.000185
-0.000082	-0.000185
0.000081	0.000186
-0.000081	-0.000186
0.000080	0.000186
-0.000079	-0.000187
0.000078	0.000187
-0.000077	-0.000187
0.000076	0.000188
-0.000075	-0.000188
0.000074	0.000188
-0.000073	-0.000189
0.000072	0.000189
-0.000071	-0.000189
0.000070	0.000190
-0.000069	-0.000190
0.000068	0.000190
-0.000067	-0.000191
0.000066	0.000191
-0.000065	-0.000191
0.000064	0.000192
-0.000063	-0.000192
0.000062	0.000192
-0.000061	-0.000192
0.000060	0.000193
-0.000059	-0.000193
0.000058	0.000193
-0.000057	-0.000193
0.000056	0.000194
-0.000055	-0.000194
0.000054	0.000194
-0.000053	-0.000194
0.000052	0.000195
-0.000051	-0.000195
0.000050	0.000195
-0.000049	-0.000195
0.000048	0.000196
-0.000047	-0.000196
0.000046	0.000196
-0.000045	-0.000196
0.000044	0.000196
-0.000043	-0.000197
0.000042	0.000197
-0.000041	-0.000197
0.000039	0.000197
-0.000038	-0.000197
0.000037	0.000197
-0.000036	-0.000198
0.000035	0.000198
-0.000034	-0.000198
0.000033	0.000198
-0.000032	-0.000198
0.000031	0.000198
-0.000030	-0.000198
0.000029	0.000198
-0.000028	-0.000199
0.000027	0.000199
-0.000026	-0.000199
0.000025	0.000199
-0.000024	-0.000199
0.000023	0.000199
-0.000022	-0.000199
0.000021	0.000199
-0.000020	-0.000199
0.000019	0.000199
-0.000018	-0.000199
0.000017	0.000200
-0.000015	-0.000200
0.000014	0.000200
-0.000013	-0.000200
0.000012	0.000200
-0.000011	-0.000200
0.000010	0.000200
-0.000009	-0.000200
0.000008	0.000200
-0.000007	-0.000200
0.000006	0.000200
-0.000005	-0.000200
0.000004	0.000200
-0.000003	-0.000200
0.000002	0.000200
-0.000001	-0.000200
-0.000000	0.000200
0.000001	-0.000200
-0.000003	0.000200
0.000004	-0.000200
-0.000005	0.000199
0.000006	-0.000199
-0.000007	0.000199
0.000008	-0.000199
-0.000009	0.000199
0.000010	-0.000199
-0.000011	0.000199
0.000012	-0.000199
-0.000013	0.000199
0.000014	-0.000199
-0.000015	0.000199
0.000016	-0.000198
-0.000017	0.000198
0.000018	-0.000198
-0.000020	0.000198
0.000021	-0.000198
-0.000022	0.000198
0.000023	-0.000198
-0.000024	0.000198
0.000025	-0.000197
-0.000026	0.000197
0.000027	-0.000197
-0.000028	0.000197
0.000029	-0.000197
-0.000030	0.000196
0.000031	-0.000196
-0.000032	0.000196
0.000033	-0.000196
-0.000034	0.000196
0.000035	-0.000195
-0.000036	0.000195
0.000037	-0.000195
-0.000039	0.000195
0.000040	-0.000195
-0.000041	0.000194
0.000042	-0.000194
-0.000043	0.000194
0.000044	-0.000193
-0.000045	0.000193
0.000046	-0.000193
-0.000047	0.000193
0.000048	-0.000192
-0.000049	0.000192
0.000050	-0.000192
-0.000051	0.000192
0.000052	-0.000191
-0.000053	0.000191
0.000054	-0.000191
-0.000055	0.000190
0.000056	-0.000190
-0.000057	0.000190
0.000058	-0.000189
-0.000059	0.000189
0.000060	-0.000189
-0.000061	0.000188
0.000062	-0.000188
-0.000063	0.000187
0.000064	-0.000187
-0.000065	0.000187
0.000066	-0.000186
-0.000068	0.000186
0.000069	-0.000186
-0.000070	0.000185
0.000071	-0.000185
-0.000072	0.000184
0.000073	-0.000184
-0.000074	0.000183
0.000075	-0.000183
-0.000076	0.000183
0.000077	-0.000182
-0.000078	0.000182
0.000079	-0.000181
-0.000080	0.000181
0.000081	-0.000180
-0.000082	0.000180
0.000083	-0.000179
-0.000084	0.000179
0.000084	-0.000178
-0.000085	0.000178
0.000086	-0.000177
-0.000087	0.000177
0.000088	-0.000176
-0.000089	0.000176
0.000090	-0.000175
-0.000091	0.000175
0.000092	-0.000174
-0.000093	0.000174
0.000094	-0.000173
-0.000095	0.000173
0.000096	-0.000172
-0.000097	0.000172
0.000098	-0.000171
-0.000099	0.000170
0.000100	-0.000170
-0.000101	0.000169
0.000102	-0.000169
-0.000103	0.000168
0.000104	-0.000167
-0.000105	0.000167
0.000105	-0.000166
-0.000106	0.000166
0.000107	-0.000165
-0.000108	0.000164
0.000109	-0.000164
-0.000110	0.000163
0.000111	-0.000162
-0.000112	0.000162
0.000113	-0.000161
-0.000114	0.000161
0.000115	-0.000160
-0.000115	0.000159
0.000116	-0.000159
-0.000117	0.000158
0.000118	-0.000157
-0.000119	0.000157
0.000120	-0.000156
-0.000121	0.000155
0.000122	-0.000154
-0.000122	0.000154
0.000123	-0.000153
-0.000124	0.000152
0.000125	-0.000152
-0.000126	0.000151
0.000127	-0.000150
-0.000128	0.000149
0.000128	-0.000149
-0.000129	0.000148
0.000130	-0.000147
-0.000131	0.000146
0.000132	-0.000146
-0.000133	0.000145
0.000133	-0.000144
-0.000134	0.000143
0.000135	-0.000143
-0.000136	0.000142
0.000137	-0.000141
-0.000137	0.000140
0.000138	-0.000139
-0.000139	0.000139
0.000140	-0.000138
-0.000141	0.000137
0.000141	-0.000136
-0.000142	0.000135
0.000143	-0.000134
-0.000144	0.000134
0.000144	-0.000133
-0.000145	0.000132
0.000146	-0.000131
-0.000147	0.000130
0.000147	-0.000129
-0.000148	0.000128
0.000149	-0.000128
-0.000150	0.000127
0.000150	-0.000126
-0.000151	0.000125
0.000152	-0.000124
-0.000152	0.000123
0.000153	-0.000122
-0.000154	0.000121
0.000154	-0.000121
-0.000155	0.000120
0.000156	-0.000119
-0.000156	0.000118
0.000157	-0.000117
-0.000158	0.000116
0.000159	-0.000115
-0.000159	0.000114
0.000160	-0.000113
-0.000160	0.000112
0.000161	-0.000111
-0.000162	0.000110
0.000162	-0.000109
-0.000163	0.000108
0.000164	-0.000107
-0.000164	0.000106
0.000165	-0.000106
-0.000165	0.000105
0.000166	-0.000104
-0.000167	0.000103
0.000167	-0.000102
-0.000168	0.000101
0.000168	-0.000100
-0.000169	0.000099
0.000170	-0.000098
-0.000170	0.000097
0.000171	-0.000096
-0.000171	0.000095
0.000172	-0.000094
-0.000172	0.000093
0.000173	-0.000092
-0.000173	0.000091
0.000174	-0.000089
-0.000174	0.000088
0.000175	-0.000087
-0.000175	0.000086
0.000176	-0.000085
-0.000176	0.000084
0.000177	-0.000083
-0.000177	0.000082
0.000178	-0.000081
-0.000178	0.000080
0.000179	-0.000079
-0.000179	0.000078
0.000180	-0.000077
-0.000180	0.000076
0.000181	-0.000075
-0.000181	0.000074
0.000181	-0.000073
-0.000182	0.000072
0.000182	-0.000070
-0.000183	0.000069
0.000183	-0.000068
-0.000183	0.000067
0.000184	-0.000066
-0.000184	0.000065
0.000185	-0.000064
-0.000185	0.000063
0.000185	-0.000062
-0.000186	0.000061
0.000186	-0.000059
-0.000186	0.000058
0.000187	-0.000057
-0.000187	0.000056
0.000187	-0.000055
-0.000188	0.000054
0.000188	-0.000053
-0.000188	0.000052
0.000189	-0.000050
-0.000189	0.000049
0.000189	-0.000048
-0.000190	0.000047
0.000190	-0.000046
-0.000190	0.000045
0.000190	-0.000044
-0.000191	0.000042
0.000191	-0.000041
-0.000191	0.000040
0.000191	-0.000039
-0.000192	0.000038
0.000192	-0.000037
-0.000192	0.000035
0.000192	-0.000034
-0.000192	0.000033
0.000193	-0.000032
-0.000193	0.000031
0.000193	-0.000030
-0.000193	0.000028
0.000193	-0.000027
-0.000193	0.000026
0.000194	-0.000025
-0.000194	0.000024
0.000194	-0.000023
-0.000194	0.000021
0.000194	-0.000020
-0.000194	0.000019
0.000194	-0.000018
-0.000194	0.000017
0.000195	-0.000016
-0.000195	0.000014
0.000195	-0.000013
-0.000195	0.000012
0.000195	-0.000011
-0.000195	0.000010
0.000195	-0.000008
-0.000195	0.000007
0.000195	-0.000006
-0.000195	0.000005
0.000195	-0.000004
-0.000195	0.000002
0.000195	-0.000001
