4096
0.000000	0.000000
-0.000000	0.000000
-0.194984	-0.000001
0.024486	0.000000
-0.005329	-0.000000
0.001841	0.000000
-0.001442	-0.000000
0.001335	0.000000
-0.001597	-0.000000
0.002315	0.000000
-0.003376	-0.000001
0.004513	0.000001
-0.004321	-0.000001
0.005474	0.000001
-0.006150	-0.000002
0.005942	0.000002
-0.006918	-0.000003
0.006712	0.000003
-0.009430	-0.000005
0.009179	0.000005
-0.008948	-0.000005
0.008733	0.000006
-0.010578	-0.000008
0.010347	0.000008
-0.010130	-0.000009
0.010554	0.000010
-0.010350	-0.000010
0.010157	0.000011
-0.009975	-0.000012
0.009802	0.000012
-0.009638	-0.000013
0.009481	0.000014
-0.009333	-0.000014
0.006557	0.000011
-0.006460	-0.000011
0.006367	0.000012
-0.006278	-0.000012
0.004556	0.000009
-0.004496	-0.000010
0.004438	0.000010
-0.003224	-0.000008
0.003184	0.000008
-0.003146	-0.000008
0.002667	0.000007
-0.002637	-0.000008
0.002607	0.000008
-0.002579	-0.000008
0.000000	0.000000
-0.000000	-0.000000
0.000000	0.000000
-0.000000	-0.000000
0.000000	0.000000
-0.000000	-0.000000
0.000000	0.000000
-0.000000	-0.000000
0.000000	0.000000
-0.000000	-0.000000
0.000000	0.000000
-0.000000	-0.000000
0.000000	0.000000
-0.000000	-0.000000
0.000000	0.000000
-0.000000	-0.000000
0.000000	0.000000
-0.000000	-0.000000
0.000000	0.000000
-0.000000	-0.000000
0.000000	0.000000
-0.000000	-0.000000
0.000000	0.000000
-0.000000	-0.000000
0.000000	0.000000
-0.000000	-0.000000
0.000000	0.000000
-0.000000	-0.000000
0.000000	0.000000
-0.000000	-0.000000
0.000000	0.000000
-0.000000	-0.000000
0.000000	0.000000
-0.000000	-0.000000
0.000000	0.000000
-0.000000	-0.000000
0.000000	0.000000
-0.000000	-0.000000
0.000000	0.000000
-0.000000	-0.000000
0.000000	0.000000
-0.000000	-0.000000
0.000000	0.000000
-0.000000	-0.000000
0.000000	0.000000
-0.000000	-0.000000
0.000000	0.000000
-0.000000	-0.000000
0.000000	0.000000
-0.000000	-0.000000
0.000000	0.000000
-0.000000	-0.000000
0.000000	0.000000
-0.000000	-0.000000
0.000000	0.000000
-0.000000	-0.000000
0.000000	0.000000
-0.000000	-0.000000
0.000000	0.000000
-0.000000	-0.000000
0.000000	0.000000
-0.000000	-0.000000
0.000000	0.000000
-0.000000	-0.000000
0.000000	0.000000
-0.000000	-0.000000
0.000000	0.000000
-0.000000	-0.000000
0.000000	0.000000
-0.000000	-0.000000
0.000000	0.000000
-0.000000	-0.000000
0.000000	0.000000
-0.000000	-0.000000
0.000000	0.000000
-0.000000	-0.000000
0.000000	0.000000
-0.000000	-0.000000
0.000000	0.000000
-0.000000	-0.000000
0.000000	0.000000
-0.000000	-0.000000
0.000000	0.000000
-0.000000	-0.000000
0.000000	0.000000
-0.000000	-0.000000
0.000000	0.000000
-0.000000	-0.000000
0.000000	0.000000
-0.000000	-0.000000
0.000000	0.000000
-0.000000	-0.000000
0.000000	0.000000
-0.000000	-0.000000
0.000000	0.000000
-0.000000	-0.000000
0.000000	0.000000
-0.000000	-0.000000
0.000000	0.000000
-0.000000	-0.000000
0.000000	0.000000
-0.000000	-0.000000
0.000000	0.000000
-0.000000	-0.000000
0.000000	0.000000
-0.000000	-0.000000
0.000000	0.000000
-0.000000	-0.000000
0.000000	0.000000
-0.000000	-0.000000
0.000000	0.000000
-0.000000	-0.000000
0.000000	0.000000
-0.000000	-0.000000
0.000000	0.000000
-0.000000	-0.000000
0.000000	0.000000
-0.000000	-0.000000
0.000000	0.000000
-0.000000	-0.000000
0.000000	0.000000
-0.000000	-0.000000
0.000000	0.000000
-0.000000	-0.000000
0.000000	0.000000
-0.000000	-0.000000
0.000000	0.000000
-0.000000	-0.000000
0.000000	0.000000
-0.000000	-0.000000
0.000000	0.000000
-0.000000	-0.000000
0.000000	0.000000
-0.000000	-0.000000
0.000000	0.000000
-0.000000	-0.000000
0.000000	0.000000
-0.000000	-0.000000
0.000000	0.000000
-0.000000	-0.000000
0.000000	0.000000
-0.000000	-0.000000
0.000000	0.000000
-0.000000	-0.000000
0.000000	0.000000
-0.000000	-0.000000
0.000000	0.000000
-0.000000	-0.000000
0.000000	0.000000
-0.000000	-0.000000
0.000000	0.000000
-0.000000	-0.000000
0.000000	0.000000
-0.000000	-0.000000
0.000000	0.000000
-0.000000	-0.000000
0.000000	0.000000
-0.000000	-0.000000
0.000000	0.000000
-0.000000	-0.000000
0.000000	0.000000
-0.000000	-0.000000
0.000000	0.000000
-0.000000	-0.000000
0.000000	0.000000
-0.000000	-0.000000
0.000000	0.000000
-0.000000	-0.000000
0.000000	0.000000
-0.000000	-0.000000
0.000000	0.000000
-0.000000	-0.000000
0.000000	0.000000
-0.000000	-0.000000
0.000000	0.000000
-0.000000	-0.000000
0.000000	0.000000
-0.000000	-0.000000
0.000000	0.000000
-0.000000	-0.000000
0.000000	0.000000
-0.000000	-0.000000
0.000000	0.000000
-0.000000	-0.000000
0.000000	0.000000
-0.000000	-0.000000
0.000000	0.000000
-0.000000	-0.000000
0.000000	0.000000
-0.000000	-0.000000
0.000000	0.000000
-0.000000	-0.000000
0.000000	0.000000
-0.000000	-0.000000
0.000000	0.000000
-0.000000	-0.000000
0.000000	0.000000
-0.000000	-0.000000
0.000000	0.000000
-0.000000	-0.000000
0.000000	0.000000
-0.000000	-0.000000
0.000000	0.000000
-0.000000	-0.000000
0.000000	0.000000
-0.000000	-0.000000
0.000000	0.000000
-0.000000	-0.000000
0.000000	0.000000
-0.000000	-0.000000
0.000000	0.000000
-0.000000	-0.000000
0.000000	0.000000
-0.000000	-0.000000
0.000000	0.000000
-0.000000	-0.000000
0.000000	0.000000
-0.000000	-0.000000
0.000000	0.000000
-0.000000	-0.000000
0.000000	0.000000
-0.000000	-0.000000
0.000000	0.000000
-0.000000	-0.000000
0.000000	0.000000
-0.000000	-0.000000
0.000000	0.000000
-0.000000	-0.000000
0.000000	0.000000
-0.000000	-0.000000
0.000000	0.000000
-0.000000	-0.000000
0.000000	0.000000
-0.000000	-0.000000
0.000000	0.000000
-0.000000	-0.000000
0.000000	0.000000
-0.000000	-0.000000
0.000000	0.000000
-0.000000	-0.000000
0.000000	0.000000
-0.000000	-0.000000
0.000000	0.000000
-0.000000	-0.000000
0.000000	0.000000
-0.000000	-0.000000
0.000000	0.000000
-0.000000	-0.000000
0.000000	0.000000
-0.000000	-0.000000
0.000000	0.000000
-0.000000	-0.000000
0.000000	0.000000
-0.000000	-0.000000
0.000000	0.000000
-0.000000	-0.000000
0.000000	0.000000
-0.000000	-0.000000
0.000000	0.000000
-0.000000	-0.000000
0.000000	0.000000
-0.000000	-0.000000
0.000000	0.000000
-0.000000	-0.000000
0.000000	0.000000
-0.000000	-0.000000
0.000000	0.000000
-0.000000	-0.000000
0.000000	0.000000
-0.000000	-0.000000
0.000000	0.000000
-0.000000	-0.000000
0.000000	0.000000
-0.000000	-0.000000
0.000000	0.000000
-0.000000	-0.000000
0.000000	0.000000
-0.000000	-0.000000
0.000000	0.000000
-0.000000	-0.000000
0.000000	0.000000
-0.000000	-0.000000
0.000000	0.000000
-0.000000	-0.000000
0.000000	0.000000
-0.000000	-0.000000
0.000000	0.000000
-0.000000	-0.000000
0.000000	0.000000
-0.000000	-0.000000
0.000000	0.000000
-0.000000	-0.000000
0.000000	0.000000
-0.000000	-0.000000
0.000000	0.000000
-0.000000	-0.000000
0.000000	0.000000
-0.000000	-0.000000
0.000000	0.000000
-0.000000	-0.000000
0.000000	0.000000
-0.000000	-0.000000
0.000000	0.000000
-0.000000	-0.000000
0.000000	0.000000
-0.000000	-0.000000
0.000000	0.000000
-0.000000	-0.000000
0.000000	0.000000
-0.000000	-0.000000
0.000000	0.000000
-0.000000	-0.000000
0.000000	0.000000
-0.000000	-0.000000
0.000000	0.000000
-0.000000	-0.000000
0.000000	0.000000
-0.000000	-0.000000
0.000000	0.000000
-0.000000	-0.000000
0.000000	0.000000
-0.000000	-0.000000
0.000000	0.000000
-0.000000	-0.000000
0.000000	0.000000
-0.000000	-0.000000
0.000000	0.000000
-0.000000	-0.000000
0.000000	0.000000
-0.000000	-0.000000
0.000000	0.000000
-0.000000	-0.000000
0.000000	0.000000
-0.000000	-0.000000
0.000000	0.000000
-0.000000	-0.000000
0.000000	0.000000
-0.000000	-0.000000
0.000000	0.000000
-0.000000	-0.000000
0.000000	0.000000
-0.000000	-0.000000
0.000000	0.000000
-0.000000	-0.000000
0.000000	0.000000
-0.000000	-0.000000
0.000000	0.000000
-0.000000	-0.000000
0.000000	0.000000
-0.000000	-0.000000
0.000000	0.000000
-0.000000	-0.000000
0.000000	0.000000
-0.000000	-0.000000
0.000000	0.000000
-0.000000	-0.000000
0.000000	0.000000
-0.000000	-0.000000
0.000000	0.000000
-0.000000	-0.000000
0.000000	0.000000
-0.000000	-0.000000
0.000000	0.000000
-0.000000	-0.000000
0.000000	0.000000
-0.000000	-0.000000
0.000000	0.000000
-0.000000	-0.000000
0.000000	0.000000
-0.000000	-0.000000
0.000000	0.000000
-0.000000	-0.000000
0.000000	0.000000
-0.000000	-0.000000
0.000000	0.000000
-0.000000	-0.000000
0.000000	0.000000
-0.000000	-0.000000
0.000000	0.000000
-0.000000	-0.000000
0.000000	0.000000
-0.000000	-0.000000
0.000000	0.000000
-0.000000	-0.000000
0.000000	0.000000
-0.000000	-0.000000
0.000000	0.000000
-0.000000	-0.000000
0.000000	0.000000
-0.000000	-0.000000
0.000000	0.000000
-0.000000	-0.000000
0.000000	0.000000
-0.000000	-0.000000
0.000000	0.000000
-0.000000	-0.000000
0.000000	0.000000
-0.000000	-0.000000
0.000000	0.000000
-0.000000	-0.000000
0.000000	0.000000
-0.000000	-0.000000
0.000000	0.000000
-0.000000	-0.000000
0.000000	0.000000
-0.000000	-0.000000
0.000000	0.000000
-0.000000	-0.000000
0.000000	0.000000
-0.000000	-0.000000
0.000000	0.000000
-0.000000	-0.000000
0.000000	0.000000
-0.000000	-0.000000
0.000000	0.000000
-0.000000	-0.000000
0.000000	0.000000
-0.000000	-0.000000
0.000000	0.000000
-0.000000	-0.000000
0.000000	0.000000
-0.000000	-0.000000
0.000000	0.000000
-0.000000	-0.000000
0.000000	0.000000
-0.000000	-0.000000
0.000000	0.000000
-0.000000	-0.000000
0.000000	0.000000
-0.000000	-0.000000
0.000000	0.000000
-0.000000	-0.000000
0.000000	0.000000
-0.000000	-0.000000
0.000000	0.000000
-0.000000	-0.000000
0.000000	0.000000
-0.000000	-0.000000
0.000000	0.000000
-0.000000	-0.000000
0.000000	0.000000
-0.000000	-0.000000
0.000000	0.000000
-0.000000	-0.000000
0.000000	0.000000
-0.000000	-0.000000
0.000000	0.000000
-0.000000	-0.000000
0.000000	0.000000
-0.000000	-0.000000
0.000000	0.000000
-0.000000	-0.000000
0.000000	0.000000
-0.000000	-0.000000
0.000000	0.000000
-0.000000	-0.000000
0.000000	0.000000
-0.000000	-0.000000
0.000000	0.000000
-0.000000	-0.000000
0.000000	0.000000
-0.000000	-0.000000
0.000000	0.000000
-0.000000	-0.000000
0.000000	0.000000
-0.000000	-0.000000
0.000000	0.000000
-0.000000	-0.000000
0.000000	0.000000
-0.000000	-0.000000
0.000000	0.000000
-0.000000	-0.000000
0.000000	0.000000
-0.000000	-0.000000
0.000000	0.000000
-0.000000	-0.000000
0.000000	0.000000
-0.000000	-0.000000
0.000000	0.000000
-0.000000	-0.000000
0.000000	0.000000
-0.000000	-0.000000
0.000000	0.000000
-0.000000	-0.000000
0.000000	0.000000
-0.000000	-0.000000
0.000000	0.000000
-0.000000	-0.000000
0.000000	0.000000
-0.000000	-0.000000
0.000000	0.000000
-0.000000	-0.000000
0.000000	0.000000
-0.000000	-0.000000
0.000000	0.000000
-0.000000	-0.000000
0.000000	0.000000
-0.000000	-0.000000
0.000000	0.000000
-0.000000	-0.000000
0.000000	0.000000
-0.000000	-0.000000
0.000000	0.000000
-0.000000	-0.000000
0.000000	0.000000
-0.000000	-0.000000
0.000000	0.000000
-0.000000	-0.000000
0.000000	0.000000
-0.000000	-0.000000
0.000000	0.000000
-0.000000	-0.000000
0.000000	0.000000
-0.000000	-0.000000
0.000000	0.000000
-0.000000	-0.000000
0.000000	0.000000
-0.000000	-0.000000
0.000000	0.000000
-0.000000	-0.000000
0.000000	0.000000
-0.000000	-0.000000
0.000000	0.000000
-0.000000	-0.000000
0.000000	0.000000
-0.000000	-0.000000
0.000000	0.000000
-0.000000	-0.000000
0.000000	0.000000
-0.000000	-0.000000
0.000000	0.000000
-0.000000	-0.000000
0.000000	0.000000
-0.000000	-0.000000
0.000000	0.000000
-0.000000	-0.000000
0.000000	0.000000
-0.000000	-0.000000
0.000000	0.000000
-0.000000	-0.000000
0.000000	0.000000
-0.000000	-0.000000
0.000000	0.000000
-0.000000	-0.000000
0.000000	0.000000
-0.000000	-0.000000
0.000000	0.000000
-0.000000	-0.000000
0.000000	0.000000
-0.000000	-0.000000
0.000000	0.000000
-0.000000	-0.000000
0.000000	0.000000
-0.000000	-0.000000
0.000000	0.000000
-0.000000	-0.000000
0.000000	0.000000
-0.000000	-0.000000
0.000000	0.000000
-0.000000	-0.000000
0.000000	0.000000
-0.000000	-0.000000
0.000000	0.000000
-0.000000	-0.000000
0.000000	0.000000
-0.000000	-0.000000
0.000000	0.000000
-0.000000	-0.000000
0.000000	0.000000
-0.000000	-0.000000
0.000000	0.000000
-0.000000	-0.000000
0.000000	0.000000
-0.000000	-0.000000
0.000000	0.000000
-0.000000	-0.000000
0.000000	0.000000
-0.000000	-0.000000
0.000000	0.000000
-0.000000	-0.000000
0.000000	0.000000
-0.000000	-0.000000
0.000000	0.000000
-0.000000	-0.000000
0.000000	0.000000
-0.000000	-0.000000
0.000000	0.000000
-0.000000	-0.000000
0.000000	0.000000
-0.000000	-0.000000
0.000000	0.000000
-0.000000	-0.000000
0.000000	0.000000
-0.000000	-0.000000
0.000000	0.000000
-0.000000	-0.000000
0.000000	0.000000
-0.000000	-0.000000
0.000000	0.000000
-0.000000	-0.000000
0.000000	0.000000
-0.000000	-0.000000
0.000000	0.000000
-0.000000	-0.000000
0.000000	0.000000
-0.000000	-0.000000
0.000000	0.000000
-0.000000	-0.000000
0.000000	0.000000
-0.000000	-0.000000
0.000000	0.000000
-0.000000	-0.000000
0.000000	0.000000
-0.000000	-0.000000
0.000000	0.000000
-0.000000	-0.000000
0.000000	0.000000
-0.000000	-0.000000
0.000000	0.000000
-0.000000	-0.000000
0.000000	0.000000
-0.000000	-0.000000
0.000000	0.000000
-0.000000	-0.000000
0.000000	0.000000
-0.000000	-0.000000
0.000000	0.000000
-0.000000	-0.000000
0.000000	0.000000
-0.000000	-0.000000
0.000000	0.000000
-0.000000	-0.000000
0.000000	0.000000
-0.000000	-0.000000
0.000000	0.000000
-0.000000	-0.000000
0.000000	0.000000
-0.000000	-0.000000
0.000000	0.000000
-0.000000	-0.000000
0.000000	0.000000
-0.000000	-0.000000
0.000000	0.000000
-0.000000	-0.000000
0.000000	0.000000
-0.000000	-0.000000
0.000000	0.000000
-0.000000	-0.000000
0.000000	0.000000
-0.000000	-0.000000
0.000000	0.000000
-0.000000	-0.000000
0.000000	0.000000
-0.000000	-0.000000
0.000000	0.000000
-0.000000	-0.000000
0.000000	0.000000
-0.000000	-0.000000
0.000000	0.000000
-0.000000	-0.000000
0.000000	0.000000
-0.000000	-0.000000
0.000000	0.000000
-0.000000	-0.000000
0.000000	0.000000
-0.000000	-0.000000
0.000000	0.000000
-0.000000	-0.000000
0.000000	0.000000
-0.000000	-0.000000
0.000000	0.000000
-0.000000	-0.000000
0.000000	0.000000
-0.000000	-0.000000
0.000000	0.000000
-0.000000	-0.000000
0.000000	0.000000
-0.000000	-0.000000
0.000000	0.000000
-0.000000	-0.000000
0.000000	0.000000
-0.000000	-0.000000
0.000000	0.000000
-0.000000	-0.000000
0.000000	0.000000
-0.000000	-0.000000
0.000000	0.000000
-0.000000	-0.000000
0.000000	0.000000
-0.000000	-0.000000
0.000000	0.000000
-0.000000	-0.000000
0.000000	0.000000
-0.000000	-0.000000
0.000000	0.000000
-0.000000	-0.000000
0.000000	0.000000
-0.000000	-0.000000
0.000000	0.000000
-0.000000	-0.000000
0.000000	0.000000
-0.000000	-0.000000
0.000000	0.000000
-0.000000	-0.000000
0.000000	0.000000
-0.000000	-0.000000
0.000000	0.000000
-0.000000	-0.000000
0.000000	0.000000
-0.000000	-0.000000
0.000000	0.000000
-0.000000	-0.000000
0.000000	0.000000
-0.000000	-0.000000
0.000000	0.000000
-0.000000	-0.000000
0.000000	0.000000
-0.000000	-0.000000
0.000000	0.000000
-0.000000	-0.000000
0.000000	0.000000
-0.000000	-0.000000
0.000000	0.000000
-0.000000	-0.000000
0.000000	0.000000
-0.000000	-0.000000
0.000000	0.000000
-0.000000	-0.000000
0.000000	0.000000
-0.000000	-0.000000
0.000000	0.000000
-0.000000	-0.000000
0.000000	0.000000
-0.000000	-0.000000
0.000000	0.000000
-0.000000	-0.000000
0.000000	0.000000
-0.000000	-0.000000
0.000000	0.000000
-0.000000	-0.000000
0.000000	0.000000
-0.000000	-0.000000
0.000000	0.000000
-0.000000	-0.000000
0.000000	0.000000
-0.000000	-0.000000
0.000000	0.000000
-0.000000	-0.000000
0.000000	0.000000
-0.000000	-0.000000
0.000000	0.000000
-0.000000	-0.000000
0.000000	0.000000
-0.000000	-0.000000
0.000000	0.000000
-0.000000	-0.000000
0.000000	0.000000
-0.000000	-0.000000
0.000000	0.000000
-0.000000	-0.000000
0.000000	0.000000
-0.000000	-0.000000
0.000000	0.000000
-0.000000	-0.000000
0.000000	0.000000
-0.000000	-0.000000
0.000000	0.000000
-0.000000	-0.000000
0.000000	0.000000
-0.000000	-0.000000
0.000000	0.000000
-0.000000	-0.000000
0.000000	0.000000
-0.000000	-0.000000
0.000000	0.000000
-0.000000	-0.000000
0.000000	0.000000
-0.000000	-0.000000
0.000000	0.000000
-0.000000	-0.000000
0.000000	0.000000
-0.000000	-0.000000
0.000000	0.000000
-0.000000	-0.000000
0.000000	0.000000
-0.000000	-0.000000
0.000000	0.000000
-0.000000	-0.000000
0.000000	0.000000
-0.000000	-0.000000
0.000000	0.000000
-0.000000	-0.000000
0.000000	0.000000
-0.000000	-0.000000
0.000000	0.000000
-0.000000	-0.000000
0.000000	0.000000
-0.000000	-0.000000
0.000000	0.000000
-0.000000	-0.000000
0.000000	0.000000
-0.000000	-0.000000
0.000000	0.000000
-0.000000	-0.000000
0.000000	0.000000
-0.000000	-0.000000
0.000000	0.000000
-0.000000	-0.000000
0.000000	0.000000
-0.000000	-0.000000
0.000000	0.000000
-0.000000	-0.000000
0.000000	0.000000
-0.000000	-0.000000
0.000000	0.000000
-0.000000	-0.000000
0.000000	0.000000
-0.000000	-0.000000
0.000000	0.000000
-0.000000	-0.000000
0.000000	0.000000
-0.000000	-0.000000
0.000000	0.000000
-0.000000	-0.000000
0.000000	0.000000
-0.000000	-0.000000
0.000000	0.000000
-0.000000	-0.000000
0.000000	0.000000
-0.000000	-0.000000
0.000000	0.000000
-0.000000	-0.000000
0.000000	0.000000
-0.000000	-0.000000
0.000000	0.000000
-0.000000	-0.000000
0.000000	0.000000
-0.000000	-0.000000
0.000000	0.000000
-0.000000	-0.000000
0.000000	0.000000
-0.000000	-0.000000
0.000000	0.000000
-0.000000	-0.000000
0.000000	0.000000
-0.000000	-0.000000
0.000000	0.000000
-0.000000	-0.000000
0.000000	0.000000
-0.000000	-0.000000
0.000000	0.000000
-0.000000	-0.000000
0.000000	0.000000
-0.000000	-0.000000
0.000000	0.000000
-0.000000	-0.000000
0.000000	0.000000
-0.000000	-0.000000
0.000000	0.000000
-0.000000	-0.000000
0.000000	0.000000
-0.000000	-0.000000
0.000000	0.000000
-0.000000	-0.000000
0.000000	0.000000
-0.000000	-0.000000
0.000000	0.000000
-0.000000	-0.000000
0.000000	0.000000
-0.000000	-0.000000
0.000000	0.000000
-0.000000	-0.000000
0.000000	0.000000
-0.000000	-0.000000
0.000000	0.000000
-0.000000	-0.000000
0.000000	0.000000
-0.000000	-0.000000
0.000000	0.000000
-0.000000	-0.000000
0.000000	0.000000
-0.000000	-0.000000
0.000000	0.000000
-0.000000	-0.000000
0.000000	0.000000
-0.000000	-0.000000
0.000000	0.000000
-0.000000	-0.000000
0.000000	0.000000
-0.000000	-0.000000
0.000000	0.000000
-0.000000	-0.000000
0.000000	0.000000
-0.000000	-0.000000
0.000000	0.000000
-0.000000	-0.000000
0.000000	0.000000
-0.000000	-0.000000
0.000000	0.000000
-0.000000	-0.000000
0.000000	0.000000
-0.000000	-0.000000
0.000000	0.000000
-0.000000	-0.000000
0.000000	0.000000
-0.000000	-0.000000
0.000000	0.000000
-0.000000	-0.000000
0.000000	0.000000
-0.000000	-0.000000
0.000000	0.000000
-0.000000	-0.000000
0.000000	0.000000
-0.000000	-0.000000
0.000000	0.000000
-0.000000	-0.000000
0.000000	0.000000
-0.000000	-0.000000
0.000000	0.000000
-0.000000	-0.000000
0.000000	0.000000
-0.000000	-0.000000
0.000000	0.000000
-0.000000	-0.000000
0.000000	0.000000
-0.000000	-0.000000
0.000000	0.000000
-0.000000	-0.000000
0.000000	0.000000
-0.000000	-0.000000
0.000000	0.000000
-0.000000	-0.000000
0.000000	0.000000
-0.000000	-0.000000
0.000000	0.000000
-0.000000	-0.000000
0.000000	0.000000
-0.000000	-0.000000
0.000000	0.000000
-0.000000	-0.000000
0.000000	0.000000
-0.000000	-0.000000
0.000000	0.000000
-0.000000	-0.000000
0.000000	0.000000
-0.000000	-0.000000
0.000000	0.000000
-0.000000	-0.000000
0.000000	0.000000
-0.000000	-0.000000
0.000000	0.000000
-0.000000	-0.000000
0.000000	0.000000
-0.000000	-0.000000
0.000000	0.000000
-0.000000	-0.000000
0.000000	0.000000
-0.000000	-0.000000
0.000000	0.000000
-0.000000	-0.000000
0.000000	0.000000
-0.000000	-0.000000
0.000000	0.000000
-0.000000	-0.000000
0.000000	0.000000
-0.000000	-0.000000
0.000000	0.000000
-0.000000	-0.000000
0.000000	0.000000
-0.000000	-0.000000
0.000000	0.000000
-0.000000	-0.000000
0.000000	0.000000
-0.000000	-0.000000
0.000000	0.000000
-0.000000	-0.000000
0.000000	0.000000
0.000000	-0.000000
-0.000000	0.000000
0.000000	-0.000000
-0.000000	0.000000
0.000000	-0.000000
-0.000000	0.000000
0.000000	-0.000000
-0.000000	0.000000
0.000000	-0.000000
-0.000000	0.000000
0.000000	-0.000000
-0.000000	0.000000
0.000000	-0.000000
-0.000000	0.000000
0.000000	-0.000000
-0.000000	0.000000
0.000000	-0.000000
-0.000000	0.000000
0.000000	-0.000000
-0.000000	0.000000
0.000000	-0.000000
-0.000000	0.000000
0.000000	-0.000000
-0.000000	0.000000
0.000000	-0.000000
-0.000000	0.000000
0.000000	-0.000000
-0.000000	0.000000
0.000000	-0.000000
-0.000000	0.000000
0.000000	-0.000000
-0.000000	0.000000
0.000000	-0.000000
-0.000000	0.000000
0.000000	-0.000000
-0.000000	0.000000
0.000000	-0.000000
-0.000000	0.000000
0.000000	-0.000000
-0.000000	0.000000
0.000000	-0.000000
-0.000000	0.000000
0.000000	-0.000000
-0.000000	0.000000
0.000000	-0.000000
-0.000000	0.000000
0.000000	-0.000000
-0.000000	0.000000
0.000000	-0.000000
-0.000000	0.000000
0.000000	-0.000000
-0.000000	0.000000
0.000000	-0.000000
-0.000000	0.000000
0.000000	-0.000000
-0.000000	0.000000
0.000000	-0.000000
-0.000000	0.000000
0.000000	-0.000000
-0.000000	0.000000
0.000000	-0.000000
-0.000000	0.000000
0.000000	-0.000000
-0.000000	0.000000
0.000000	-0.000000
-0.000000	0.000000
0.000000	-0.000000
-0.000000	0.000000
0.000000	-0.000000
-0.000000	0.000000
0.000000	-0.000000
-0.000000	0.000000
0.000000	-0.000000
-0.000000	0.000000
0.000000	-0.000000
-0.000000	0.000000
0.000000	-0.000000
-0.000000	0.000000
0.000000	-0.000000
-0.000000	0.000000
0.000000	-0.000000
-0.000000	0.000000
0.000000	-0.000000
-0.000000	0.000000
0.000000	-0.000000
-0.000000	0.000000
0.000000	-0.000000
-0.000000	0.000000
0.000000	-0.000000
-0.000000	0.000000
0.000000	-0.000000
-0.000000	0.000000
0.000000	-0.000000
-0.000000	0.000000
0.000000	-0.000000
-0.000000	0.000000
0.000000	-0.000000
-0.000000	0.000000
0.000000	-0.000000
-0.000000	0.000000
0.000000	-0.000000
-0.000000	0.000000
0.000000	-0.000000
-0.000000	0.000000
0.000000	-0.000000
-0.000000	0.000000
0.000000	-0.000000
-0.000000	0.000000
0.000000	-0.000000
-0.000000	0.000000
0.000000	-0.000000
-0.000000	0.000000
0.000000	-0.000000
-0.000000	0.000000
0.000000	-0.000000
-0.000000	0.000000
0.000000	-0.000000
-0.000000	0.000000
0.000000	-0.000000
-0.000000	0.000000
0.000000	-0.000000
-0.000000	0.000000
0.000000	-0.000000
-0.000000	0.000000
0.000000	-0.000000
-0.000000	0.000000
0.000000	-0.000000
-0.000000	0.000000
0.000000	-0.000000
-0.000000	0.000000
0.000000	-0.000000
-0.000000	0.000000
0.000000	-0.000000
-0.000000	0.000000
0.000000	-0.000000
-0.000000	0.000000
0.000000	-0.000000
-0.000000	0.000000
0.000000	-0.000000
-0.000000	0.000000
0.000000	-0.000000
-0.000000	0.000000
0.000000	-0.000000
-0.000000	0.000000
0.000000	-0.000000
-0.000000	0.000000
0.000000	-0.000000
-0.000000	0.000000
0.000000	-0.000000
-0.000000	0.000000
0.000000	-0.000000
-0.000000	0.000000
0.000000	-0.000000
-0.000000	0.000000
0.000000	-0.000000
-0.000000	0.000000
0.000000	-0.000000
-0.000000	0.000000
0.000000	-0.000000
-0.000000	0.000000
0.000000	-0.000000
-0.000000	0.000000
0.000000	-0.000000
-0.000000	0.000000
0.000000	-0.000000
-0.000000	0.000000
0.000000	-0.000000
-0.000000	0.000000
0.000000	-0.000000
-0.000000	0.000000
0.000000	-0.000000
-0.000000	0.000000
0.000000	-0.000000
-0.000000	0.000000
0.000000	-0.000000
-0.000000	0.000000
0.000000	-0.000000
-0.000000	0.000000
0.000000	-0.000000
-0.000000	0.000000
0.000000	-0.000000
-0.000000	0.000000
0.000000	-0.000000
-0.000000	0.000000
0.000000	-0.000000
-0.000000	0.000000
0.000000	-0.000000
-0.000000	0.000000
0.000000	-0.000000
-0.000000	0.000000
0.000000	-0.000000
-0.000000	0.000000
0.000000	-0.000000
-0.000000	0.000000
0.000000	-0.000000
-0.000000	0.000000
0.000000	-0.000000
-0.000000	0.000000
0.000000	-0.000000
-0.000000	0.000000
0.000000	-0.000000
-0.000000	0.000000
0.000000	-0.000000
-0.000000	0.000000
0.000000	-0.000000
-0.000000	0.000000
0.000000	-0.000000
-0.000000	0.000000
0.000000	-0.000000
-0.000000	0.000000
0.000000	-0.000000
-0.000000	0.000000
0.000000	-0.000000
-0.000000	0.000000
0.000000	-0.000000
-0.000000	0.000000
0.000000	-0.000000
-0.000000	0.000000
0.000000	-0.000000
-0.000000	0.000000
0.000000	-0.000000
-0.000000	0.000000
0.000000	-0.000000
-0.000000	0.000000
0.000000	-0.000000
-0.000000	0.000000
0.000000	-0.000000
-0.000000	0.000000
0.000000	-0.000000
-0.000000	0.000000
0.000000	-0.000000
-0.000000	0.000000
0.000000	-0.000000
-0.000000	0.000000
0.000000	-0.000000
-0.000000	0.000000
0.000000	-0.000000
-0.000000	0.000000
0.000000	-0.000000
-0.000000	0.000000
0.000000	-0.000000
-0.000000	0.000000
0.000000	-0.000000
-0.000000	0.000000
0.000000	-0.000000
-0.000000	0.000000
0.000000	-0.000000
-0.000000	0.000000
0.000000	-0.000000
-0.000000	0.000000
0.000000	-0.000000
-0.000000	0.000000
0.000000	-0.000000
-0.000000	0.000000
0.000000	-0.000000
-0.000000	0.000000
0.000000	-0.000000
-0.000000	0.000000
0.000000	-0.000000
-0.000000	0.000000
0.000000	-0.000000
-0.000000	0.000000
0.000000	-0.000000
-0.000000	0.000000
0.000000	-0.000000
-0.000000	0.000000
0.000000	-0.000000
-0.000000	0.000000
0.000000	-0.000000
-0.000000	0.000000
0.000000	-0.000000
-0.000000	0.000000
0.000000	-0.000000
-0.000000	0.000000
0.000000	-0.000000
-0.000000	0.000000
0.000000	-0.000000
-0.000000	0.000000
0.000000	-0.000000
-0.000000	0.000000
0.000000	-0.000000
-0.000000	0.000000
0.000000	-0.000000
-0.000000	0.000000
0.000000	-0.000000
-0.000000	0.000000
0.000000	-0.000000
-0.000000	0.000000
0.000000	-0.000000
-0.000000	0.000000
0.000000	-0.000000
-0.000000	0.000000
0.000000	-0.000000
-0.000000	0.000000
0.000000	-0.000000
-0.000000	0.000000
0.000000	-0.000000
-0.000000	0.000000
0.000000	-0.000000
-0.000000	0.000000
0.000000	-0.000000
-0.000000	0.000000
0.000000	-0.000000
-0.000000	0.000000
0.000000	-0.000000
-0.000000	0.000000
0.000000	-0.000000
-0.000000	0.000000
0.000000	-0.000000
-0.000000	0.000000
0.000000	-0.000000
-0.000000	0.000000
0.000000	-0.000000
-0.000000	0.000000
0.000000	-0.000000
-0.000000	0.000000
0.000000	-0.000000
-0.000000	0.000000
0.000000	-0.000000
-0.000000	0.000000
0.000000	-0.000000
-0.000000	0.000000
0.000000	-0.000000
-0.000000	0.000000
0.000000	-0.000000
-0.000000	0.000000
0.000000	-0.000000
-0.000000	0.000000
0.000000	-0.000000
-0.000000	0.000000
0.000000	-0.000000
-0.000000	0.000000
0.000000	-0.000000
-0.000000	0.000000
0.000000	-0.000000
-0.000000	0.000000
0.000000	-0.000000
-0.000000	0.000000
0.000000	-0.000000
-0.000000	0.000000
0.000000	-0.000000
-0.000000	0.000000
0.000000	-0.000000
-0.000000	0.000000
0.000000	-0.000000
-0.000000	0.000000
0.000000	-0.000000
-0.000000	0.000000
0.000000	-0.000000
-0.000000	0.000000
0.000000	-0.000000
-0.000000	0.000000
0.000000	-0.000000
-0.000000	0.000000
0.000000	-0.000000
-0.000000	0.000000
0.000000	-0.000000
-0.000000	0.000000
0.000000	-0.000000
-0.000000	0.000000
0.000000	-0.000000
-0.000000	0.000000
0.000000	-0.000000
-0.000000	0.000000
0.000000	-0.000000
-0.000000	0.000000
0.000000	-0.000000
-0.000000	0.000000
0.000000	-0.000000
-0.000000	0.000000
0.000000	-0.000000
-0.000000	0.000000
0.000000	-0.000000
-0.000000	0.000000
0.000000	-0.000000
-0.000000	0.000000
0.000000	-0.000000
-0.000000	0.000000
0.000000	-0.000000
-0.000000	0.000000
0.000000	-0.000000
-0.000000	0.000000
0.000000	-0.000000
-0.000000	0.000000
0.000000	-0.000000
-0.000000	0.000000
0.000000	-0.000000
-0.000000	0.000000
0.000000	-0.000000
-0.000000	0.000000
0.000000	-0.000000
-0.000000	0.000000
0.000000	-0.000000
-0.000000	0.000000
0.000000	-0.000000
-0.000000	0.000000
0.000000	-0.000000
-0.000000	0.000000
0.000000	-0.000000
-0.000000	0.000000
0.000000	-0.000000
-0.000000	0.000000
0.000000	-0.000000
-0.000000	0.000000
0.000000	-0.000000
-0.000000	0.000000
0.000000	-0.000000
-0.000000	0.000000
0.000000	-0.000000
-0.000000	0.000000
0.000000	-0.000000
-0.000000	0.000000
0.000000	-0.000000
-0.000000	0.000000
0.000000	-0.000000
-0.000000	0.000000
0.000000	-0.000000
-0.000000	0.000000
0.000000	-0.000000
-0.000000	0.000000
0.000000	-0.000000
-0.000000	0.000000
0.000000	-0.000000
-0.000000	0.000000
0.000000	-0.000000
-0.000000	-0.000000
0.000000	0.000000
-0.000000	-0.000000
0.000000	0.000000
-0.000000	-0.000000
0.000000	0.000000
-0.000000	-0.000000
0.000000	0.000000
-0.000000	-0.000000
0.000000	0.000000
-0.000000	-0.000000
0.000000	0.000000
-0.000000	-0.000000
0.000000	0.000000
-0.000000	-0.000000
0.000000	0.000000
-0.000000	-0.000000
0.000000	0.000000
-0.000000	-0.000000
0.000000	0.000000
-0.000000	-0.000000
0.000000	0.000000
-0.000000	-0.000000
0.000000	0.000000
-0.000000	-0.000000
0.000000	0.000000
-0.000000	-0.000000
0.000000	0.000000
-0.000000	-0.000000
0.000000	0.000000
-0.000000	-0.000000
0.000000	0.000000
-0.000000	-0.000000
0.000000	0.000000
-0.000000	-0.000000
0.000000	0.000000
-0.000000	-0.000000
0.000000	0.000000
-0.000000	-0.000000
0.000000	0.000000
-0.000000	-0.000000
0.000000	0.000000
-0.000000	-0.000000
0.000000	0.000000
-0.000000	-0.000000
0.000000	0.000000
-0.000000	-0.000000
0.000000	0.000000
-0.000000	-0.000000
0.000000	0.000000
-0.000000	-0.000000
0.000000	0.000000
-0.000000	-0.000000
0.000000	0.000000
-0.000000	-0.000000
0.000000	0.000000
-0.000000	-0.000000
0.000000	0.000000
-0.000000	-0.000000
0.000000	0.000000
-0.000000	-0.000000
0.000000	0.000000
-0.000000	-0.000000
0.000000	0.000000
-0.000000	-0.000000
0.000000	0.000000
-0.000000	-0.000000
0.000000	0.000000
-0.000000	-0.000000
0.000000	0.000000
-0.000000	-0.000000
0.000000	0.000000
-0.000000	-0.000000
0.000000	0.000000
-0.000000	-0.000000
0.000000	0.000000
-0.000000	-0.000000
0.000000	0.000000
-0.000000	-0.000000
0.000000	0.000000
-0.000000	-0.000000
0.000000	0.000000
-0.000000	-0.000000
0.000000	0.000000
-0.000000	-0.000000
0.000000	0.000000
-0.000000	-0.000000
0.000000	0.000000
-0.000000	-0.000000
0.000000	0.000000
-0.000000	-0.000000
0.000000	0.000000
-0.000000	-0.000000
0.000000	0.000000
-0.000000	-0.000000
0.000000	0.000000
-0.000000	-0.000000
0.000000	0.000000
-0.000000	-0.000000
0.000000	0.000000
-0.000000	-0.000000
0.000000	0.000000
-0.000000	-0.000000
0.000000	0.000000
-0.000000	-0.000000
0.000000	0.000000
-0.000000	-0.000000
0.000000	0.000000
-0.000000	-0.000000
0.000000	0.000000
-0.000000	-0.000000
0.000000	0.000000
-0.000000	-0.000000
0.000000	0.000000
-0.000000	-0.000000
0.000000	0.000000
-0.000000	-0.000000
0.000000	0.000000
-0.000000	-0.000000
0.000000	0.000000
-0.000000	-0.000000
0.000000	0.000000
-0.000000	-0.000000
0.000000	0.000000
-0.000000	-0.000000
0.000000	0.000000
-0.000000	-0.000000
0.000000	0.000000
-0.000000	-0.000000
0.000000	0.000000
-0.000000	-0.000000
0.000000	0.000000
-0.000000	-0.000000
0.000000	0.000000
-0.000000	-0.000000
0.000000	0.000000
-0.000000	-0.000000
0.000000	0.000000
-0.000000	-0.000000
0.000000	0.000000
-0.000000	-0.000000
0.000000	0.000000
-0.000000	-0.000000
0.000000	0.000000
-0.000000	-0.000000
0.000000	0.000000
-0.000000	-0.000000
0.000000	0.000000
-0.000000	-0.000000
0.000000	0.000000
-0.000000	-0.000000
0.000000	0.000000
-0.000000	-0.000000
0.000000	0.000000
-0.000000	-0.000000
0.000000	0.000000
-0.000000	-0.000000
0.000000	0.000000
-0.000000	-0.000000
0.000000	0.000000
-0.000000	-0.000000
0.000000	0.000000
-0.000000	-0.000000
0.000000	0.000000
-0.000000	-0.000000
0.000000	0.000000
-0.000000	-0.000000
0.000000	0.000000
-0.000000	-0.000000
0.000000	0.000000
-0.000000	-0.000000
0.000000	0.000000
-0.000000	-0.000000
0.000000	0.000000
-0.000000	-0.000000
0.000000	0.000000
-0.000000	-0.000000
0.000000	0.000000
-0.000000	-0.000000
0.000000	0.000000
-0.000000	-0.000000
0.000000	0.000000
-0.000000	-0.000000
0.000000	0.000000
-0.000000	-0.000000
0.000000	0.000000
-0.000000	-0.000000
0.000000	0.000000
-0.000000	-0.000000
0.000000	0.000000
-0.000000	-0.000000
0.000000	0.000000
-0.000000	-0.000000
0.000000	0.000000
-0.000000	-0.000000
0.000000	0.000000
-0.000000	-0.000000
0.000000	0.000000
-0.000000	-0.000000
0.000000	0.000000
-0.000000	-0.000000
0.000000	0.000000
-0.000000	-0.000000
0.000000	0.000000
-0.000000	-0.000000
0.000000	0.000000
-0.000000	-0.000000
0.000000	0.000000
-0.000000	-0.000000
0.000000	0.000000
-0.000000	-0.000000
0.000000	0.000000
-0.000000	-0.000000
0.000000	0.000000
-0.000000	-0.000000
0.000000	0.000000
-0.000000	-0.000000
0.000000	0.000000
-0.000000	-0.000000
0.000000	0.000000
-0.000000	-0.000000
0.000000	0.000000
-0.000000	-0.000000
0.000000	0.000000
-0.000000	-0.000000
0.000000	0.000000
-0.000000	-0.000000
0.000000	0.000000
-0.000000	-0.000000
0.000000	0.000000
-0.000000	-0.000000
0.000000	0.000000
-0.000000	-0.000000
0.000000	0.000000
-0.000000	-0.000000
0.000000	0.000000
-0.000000	-0.000000
0.000000	0.000000
-0.000000	-0.000000
0.000000	0.000000
-0.000000	-0.000000
0.000000	0.000000
-0.000000	-0.000000
0.000000	0.000000
-0.000000	-0.000000
0.000000	0.000000
-0.000000	-0.000000
0.000000	0.000000
-0.000000	-0.000000
0.000000	0.000000
-0.000000	-0.000000
0.000000	0.000000
-0.000000	-0.000000
0.000000	0.000000
-0.000000	-0.000000
0.000000	0.000000
-0.000000	-0.000000
0.000000	0.000000
-0.000000	-0.000000
0.000000	0.000000
-0.000000	-0.000000
0.000000	0.000000
-0.000000	-0.000000
0.000000	0.000000
-0.000000	-0.000000
0.000000	0.000000
-0.000000	-0.000000
0.000000	0.000000
-0.000000	-0.000000
0.000000	0.000000
-0.000000	-0.000000
0.000000	0.000000
-0.000000	-0.000000
0.000000	0.000000
-0.000000	-0.000000
0.000000	0.000000
-0.000000	-0.000000
0.000000	0.000000
-0.000000	-0.000000
0.000000	0.000000
-0.000000	-0.000000
0.000000	0.000000
-0.000000	-0.000000
0.000000	0.000000
-0.000000	-0.000000
0.000000	0.000000
-0.000000	-0.000000
0.000000	0.000000
-0.000000	-0.000000
0.000000	0.000000
-0.000000	-0.000000
0.000000	0.000000
-0.000000	-0.000000
0.000000	0.000000
-0.000000	-0.000000
0.000000	0.000000
-0.000000	-0.000000
0.000000	0.000000
-0.000000	-0.000000
0.000000	0.000000
-0.000000	-0.000000
0.000000	0.000000
-0.000000	-0.000000
0.000000	0.000000
-0.000000	-0.000000
0.000000	0.000000
-0.000000	-0.000000
0.000000	0.000000
-0.000000	-0.000000
0.000000	0.000000
-0.000000	-0.000000
0.000000	0.000000
-0.000000	-0.000000
0.000000	0.000000
-0.000000	-0.000000
0.000000	0.000000
-0.000000	-0.000000
0.000000	0.000000
-0.000000	-0.000000
0.000000	0.000000
-0.000000	-0.000000
0.000000	0.000000
-0.000000	-0.000000
0.000000	0.000000
-0.000000	-0.000000
-0.000000	0.000000
0.000000	-0.000000
-0.000000	0.000000
0.000000	-0.000000
-0.000000	0.000000
0.000000	-0.000000
-0.000000	0.000000
0.000000	-0.000000
-0.000000	0.000000
0.000000	-0.000000
-0.000000	0.000000
0.000000	-0.000000
-0.000000	0.000000
0.000000	-0.000000
-0.000000	0.000000
0.000000	-0.000000
-0.000000	0.000000
0.000000	-0.000000
-0.000000	0.000000
0.000000	-0.000000
-0.000000	0.000000
0.000000	-0.000000
-0.000000	0.000000
0.000000	-0.000000
-0.000000	0.000000
0.000000	-0.000000
-0.000000	0.000000
0.000000	-0.000000
-0.000000	0.000000
0.000000	-0.000000
-0.000000	0.000000
0.000000	-0.000000
-0.000000	0.000000
0.000000	-0.000000
-0.000000	0.000000
0.000000	-0.000000
-0.000000	0.000000
0.000000	-0.000000
-0.000000	0.000000
0.000000	-0.000000
-0.000000	0.000000
0.000000	-0.000000
-0.000000	0.000000
0.000000	-0.000000
-0.000000	0.000000
0.000000	-0.000000
-0.000000	0.000000
0.000000	-0.000000
-0.000000	0.000000
0.000000	-0.000000
-0.000000	0.000000
0.000000	-0.000000
-0.000000	0.000000
0.000000	-0.000000
-0.000000	0.000000
0.000000	-0.000000
-0.000000	0.000000
0.000000	-0.000000
-0.000000	0.000000
0.000000	-0.000000
-0.000000	0.000000
0.000000	-0.000000
-0.000000	0.000000
0.000000	-0.000000
-0.000000	0.000000
0.000000	-0.000000
-0.000000	0.000000
0.000000	-0.000000
-0.000000	0.000000
0.000000	-0.000000
-0.000000	0.000000
0.000000	-0.000000
-0.000000	0.000000
0.000000	-0.000000
-0.000000	0.000000
0.000000	-0.000000
-0.000000	0.000000
0.000000	-0.000000
-0.000000	0.000000
0.000000	-0.000000
-0.000000	0.000000
0.000000	-0.000000
-0.000000	0.000000
0.000000	-0.000000
-0.000000	0.000000
0.000000	-0.000000
-0.000000	0.000000
0.000000	-0.000000
-0.000000	0.000000
0.000000	-0.000000
-0.000000	0.000000
0.000000	-0.000000
-0.000000	0.000000
0.000000	-0.000000
-0.000000	0.000000
0.000000	-0.000000
-0.000000	0.000000
0.000000	-0.000000
-0.000000	0.000000
0.000000	-0.000000
-0.000000	0.000000
0.000000	-0.000000
-0.000000	0.000000
0.000000	-0.000000
-0.000000	0.000000
0.000000	-0.000000
-0.000000	0.000000
0.000000	-0.000000
-0.000000	0.000000
0.000000	-0.000000
-0.000000	0.000000
0.000000	-0.000000
-0.000000	0.000000
0.000000	-0.000000
-0.000000	0.000000
0.000000	-0.000000
-0.000000	0.000000
0.000000	-0.000000
-0.000000	0.000000
0.000000	-0.000000
-0.000000	0.000000
0.000000	-0.000000
-0.000000	0.000000
0.000000	-0.000000
-0.000000	0.000000
0.000000	-0.000000
-0.000000	0.000000
0.000000	-0.000000
-0.000000	0.000000
0.000000	-0.000000
-0.000000	0.000000
0.000000	-0.000000
-0.000000	0.000000
0.000000	-0.000000
-0.000000	0.000000
0.000000	-0.000000
-0.000000	0.000000
0.000000	-0.000000
-0.000000	0.000000
0.000000	-0.000000
-0.000000	0.000000
0.000000	-0.000000
-0.000000	0.000000
0.000000	-0.000000
-0.000000	0.000000
0.000000	-0.000000
-0.000000	0.000000
0.000000	-0.000000
-0.000000	0.000000
0.000000	-0.000000
-0.000000	0.000000
0.000000	-0.000000
-0.000000	0.000000
0.000000	-0.000000
-0.000000	0.000000
0.000000	-0.000000
-0.000000	0.000000
0.000000	-0.000000
-0.000000	0.000000
0.000000	-0.000000
-0.000000	0.000000
0.000000	-0.000000
-0.000000	0.000000
0.000000	-0.000000
-0.000000	0.000000
0.000000	-0.000000
-0.000000	0.000000
0.000000	-0.000000
-0.000000	0.000000
0.000000	-0.000000
-0.000000	0.000000
0.000000	-0.000000
-0.000000	0.000000
0.000000	-0.000000
-0.000000	0.000000
0.000000	-0.000000
-0.000000	0.000000
0.000000	-0.000000
-0.000000	0.000000
0.000000	-0.000000
-0.000000	0.000000
0.000000	-0.000000
-0.000000	0.000000
0.000000	-0.000000
-0.000000	0.000000
0.000000	-0.000000
-0.000000	0.000000
0.000000	-0.000000
-0.000000	0.000000
0.000000	-0.000000
-0.000000	0.000000
0.000000	-0.000000
-0.000000	0.000000
0.000000	-0.000000
-0.000000	0.000000
0.000000	-0.000000
-0.000000	0.000000
0.000000	-0.000000
-0.000000	0.000000
0.000000	-0.000000
-0.000000	0.000000
0.000000	-0.000000
-0.000000	0.000000
0.000000	-0.000000
-0.000000	0.000000
0.000000	-0.000000
-0.000000	0.000000
0.000000	-0.000000
-0.000000	0.000000
0.000000	-0.000000
-0.000000	0.000000
0.000000	-0.000000
-0.000000	0.000000
0.000000	-0.000000
-0.000000	0.000000
0.000000	-0.000000
-0.000000	0.000000
0.000000	-0.000000
-0.000000	0.000000
0.000000	-0.000000
-0.000000	0.000000
0.000000	-0.000000
-0.000000	0.000000
0.000000	-0.000000
-0.000000	0.000000
0.000000	-0.000000
-0.000000	0.000000
0.000000	-0.000000
-0.000000	0.000000
0.000000	-0.000000
-0.000000	0.000000
0.000000	-0.000000
-0.000000	0.000000
0.000000	-0.000000
-0.000000	0.000000
0.000000	-0.000000
-0.000000	0.000000
0.000000	-0.000000
-0.000000	0.000000
0.000000	-0.000000
-0.000000	0.000000
0.000000	-0.000000
-0.000000	0.000000
0.000000	-0.000000
-0.000000	0.000000
0.000000	-0.000000
-0.000000	0.000000
0.000000	-0.000000
-0.000000	0.000000
0.000000	-0.000000
-0.000000	0.000000
0.000000	-0.000000
-0.000000	0.000000
0.000000	-0.000000
-0.000000	0.000000
0.000000	-0.000000
-0.000000	0.000000
0.000000	-0.000000
-0.000000	0.000000
0.000000	-0.000000
-0.000000	0.000000
0.000000	-0.000000
-0.000000	0.000000
0.000000	-0.000000
-0.000000	0.000000
0.000000	-0.000000
-0.000000	0.000000
0.000000	-0.000000
-0.000000	0.000000
0.000000	-0.000000
-0.000000	0.000000
0.000000	-0.000000
-0.000000	0.000000
0.000000	-0.000000
