4096
0.000000	0.000000
0.003915	-0.301970
-0.164554	-0.029840
0.034611	-0.033420
0.069911	-0.032345
0.028231	-0.016191
0.047549	0.029860
0.018651	0.045049
-0.013682	0.014313
-0.031255	0.003638
-0.029816	-0.019988
0.000659	-0.037528
0.029500	-0.024295
0.035580	0.001519
0.022052	0.020860
-0.002817	0.024232
-0.011609	0.011503
-0.012592	-0.003924
-0.005837	-0.008923
0.008523	-0.004758
0.008795	0.001648
0.002894	0.002115
-0.000759	0.003103
-0.002033	0.002499
-0.003550	-0.000342
-0.002653	-0.002275
-0.000387	-0.003513
0.001989	-0.002841
0.003417	-0.001200
0.001766	0.003090
-0.000000	0.003499
-0.000817	0.003930
-0.003890	0.000690
-0.003441	-0.001815
-0.001970	-0.003860
0.001531	-0.003988
0.003523	-0.002309
0.004057	0.001750
0.001139	0.004208
-0.000806	0.004228
-0.004045	0.001303
-0.004163	-0.000541
-0.003275	-0.002546
0.002099	-0.003521
0.002445	-0.003077
0.003829	-0.000666
0.001838	0.003376
0.002583	0.002791
-0.003320	0.001772
-0.003711	0.000324
-0.000524	-0.003428
0.001416	-0.003129
0.003075	-0.001453
0.001313	0.003102
0.000113	0.003336
-0.003009	0.001372
-0.002575	-0.001863
-0.000350	-0.003131
0.001224	-0.002873
0.003059	-0.000482
0.002712	0.001442
0.001530	0.002527
-0.002129	0.002013
-0.002885	0.000357
-0.002070	-0.002008
-0.002365	-0.001915
0.002407	0.001824
-0.001242	0.002728
-0.001630	-0.002489
-0.001420	0.002590
0.001771	0.002451
0.002401	-0.001803
0.000909	0.002840
-0.000515	0.002916
-0.002726	0.001105
0.000289	-0.002908
0.002373	-0.001672
0.000051	0.002883
0.000464	0.002828
-0.002847	-0.000010
0.001412	-0.002452
-0.002432	0.001412
0.001400	-0.002419
0.000928	0.002619
0.001600	-0.002251
-0.001009	-0.002553
-0.000309	-0.002712
-0.002194	-0.001597
0.002388	-0.001256
-0.002514	0.000938
0.002322	-0.001141
-0.001289	0.002227
-0.000421	-0.002525
0.001790	0.001810
-0.002532	-0.000030
0.000590	-0.002449
-0.001436	-0.001960
-0.000668	-0.002323
0.002213	-0.000942
-0.002383	0.000223
0.001875	0.001467
0.001010	0.002143
-0.002349	-0.000206
-0.001575	0.001739
-0.000434	-0.002294
-0.000980	0.002029
0.000070	0.002242
-0.002161	0.000560
0.001772	0.001341
0.000825	0.002052
-0.001831	-0.001224
-0.000546	-0.002123
-0.001082	-0.001895
0.000774	0.001759
-0.001881	-0.000347
-0.001889	-0.000246
-0.000737	-0.001747
0.001709	-0.000658
-0.000091	-0.001821
0.001185	0.001376
0.001782	-0.000311
0.001269	-0.001278
0.000739	0.001634
-0.001767	0.000264
0.001645	-0.000676
0.000803	0.001579
-0.001357	-0.001129
0.000629	0.001585
0.001353	-0.001026
0.000441	-0.001633
0.000743	-0.001513
0.000733	-0.001510
-0.000275	-0.001650
-0.001532	-0.000655
-0.001283	0.001053
0.000106	-0.001650
0.001557	-0.000540
-0.000849	-0.001405
0.001125	-0.001187
0.001591	-0.000354
0.000983	-0.001293
-0.001551	0.000461
-0.000497	-0.001534
0.001580	-0.000291
0.001552	0.000043
0.001208	-0.000968
0.000274	0.001518
0.000687	0.001375
0.001248	0.000889
-0.001492	0.000326
-0.001345	-0.000711
0.001452	0.000438
0.000903	0.001212
0.001216	-0.000890
-0.001434	-0.000447
0.001375	0.000593
-0.001487	-0.000129
-0.001177	-0.000910
0.000266	0.001459
-0.000232	-0.001460
0.001455	0.000231
0.000728	0.001276
-0.001455	0.000163
0.001200	-0.000832
-0.000317	-0.001421
0.001434	0.000223
0.001403	0.000025
0.000739	-0.001188
0.000614	0.001252
0.000216	-0.001374
-0.001049	-0.000907
-0.001367	-0.000208
-0.000141	-0.001371
0.000747	-0.001154
-0.001096	-0.000822
0.001358	-0.000150
0.000233	-0.001343
0.001318	0.000332
0.001120	-0.000763
0.001347	0.000108
0.000932	0.000973
-0.001116	0.000749
0.000766	0.001099
-0.001149	-0.000683
0.000341	0.001289
-0.001225	0.000517
0.001179	0.000606
-0.000075	0.001320
0.001272	-0.000349
0.000631	0.001154
-0.000439	-0.001153
0.001040	-0.000657
0.001113	0.000517
-0.000784	-0.000940
-0.000650	-0.001034
-0.000026	-0.001218
0.000103	0.001210
0.000583	-0.001062
-0.000676	-0.001002
0.000515	0.001090
0.001202	-0.000009
0.000865	0.000831
0.000240	0.001172
-0.001146	0.000334
0.001056	0.000550
0.000796	-0.000882
-0.000601	-0.000898
-0.001072	0.000117
0.001055	-0.000211
-0.000937	-0.000523
-0.001065	-0.000110
-0.000493	-0.000947
0.001038	0.000242
0.000915	0.000540
-0.000750	0.000750
0.000273	0.001022
0.000484	0.000938
-0.000849	0.000623
-0.000665	-0.000813
-0.000023	-0.001048
0.000991	-0.000335
0.001043	0.000039
0.000219	0.001018
0.001036	-0.000078
0.000555	0.000875
0.000258	0.001001
-0.000741	0.000718
0.001008	-0.000208
0.000697	-0.000755
-0.000627	0.000772
0.000589	0.000798
0.000558	-0.000817
0.000251	-0.000955
0.000836	-0.000522
-0.000908	0.000378
0.000186	-0.000964
0.000736	-0.000647
0.000951	-0.000226
-0.000800	0.000558
-0.000105	-0.000968
-0.000606	-0.000759
0.000661	-0.000709
-0.000756	-0.000603
-0.000419	-0.000870
0.000201	-0.000942
-0.000201	-0.000940
-0.000477	-0.000832
-0.000661	-0.000693
-0.000676	-0.000676
-0.000750	-0.000589
-0.000783	-0.000541
-0.000853	-0.000418
-0.000846	-0.000427
-0.000889	-0.000323
-0.000920	-0.000210
-0.000930	-0.000154
-0.000930	-0.000138
-0.000930	-0.000129
-0.000931	-0.000105
-0.000931	-0.000089
-0.000929	-0.000089
-0.000926	-0.000097
-0.000923	-0.000113
-0.000921	-0.000113
-0.000919	-0.000113
-0.000916	-0.000121
-0.000912	-0.000137
-0.000911	-0.000137
-0.000909	-0.000137
-0.000906	-0.000146
-0.000902	-0.000161
-0.000901	-0.000153
-0.000900	-0.000153
-0.000898	-0.000154
-0.000893	-0.000169
-0.000891	-0.000170
-0.000891	-0.000162
-0.000888	-0.000170
-0.000885	-0.000177
-0.000882	-0.000186
-0.000883	-0.000170
-0.000882	-0.000170
-0.000877	-0.000185
-0.000875	-0.000186
-0.000875	-0.000177
-0.000874	-0.000178
-0.000869	-0.000193
-0.000869	-0.000185
-0.000867	-0.000186
-0.000866	-0.000186
-0.000861	-0.000201
-0.000859	-0.000203
-0.000808	-0.000181
-0.000808	-0.000174
-0.000803	-0.000189
-0.000804	-0.000182
-0.000804	-0.000174
-0.000803	-0.000174
-0.000799	-0.000183
-0.000795	-0.000197
-0.000797	-0.000182
-0.000797	-0.000175
-0.000792	-0.000190
-0.000789	-0.000197
-0.000793	-0.000175
-0.000793	-0.000166
-0.000787	-0.000189
-0.000783	-0.000198
-0.000786	-0.000181
-0.000784	-0.000183
-0.000780	-0.000197
-0.000778	-0.000196
-0.000781	-0.000182
-0.000779	-0.000182
-0.000776	-0.000190
-0.000773	-0.000197
-0.000775	-0.000183
-0.000776	-0.000175
-0.000768	-0.000200
-0.000769	-0.000192
-0.000772	-0.000174
-0.000772	-0.000166
-0.000769	-0.000176
-0.000764	-0.000191
-0.000767	-0.000175
-0.000766	-0.000175
-0.000763	-0.000182
-0.000761	-0.000182
-0.000758	-0.000192
-0.000761	-0.000174
-0.000756	-0.000191
-0.000754	-0.000191
-0.000763	-0.000149
-0.000756	-0.000174
-0.000751	-0.000192
-0.000751	-0.000184
-0.000754	-0.000166
-0.000751	-0.000175
-0.000748	-0.000183
-0.000747	-0.000183
-0.000748	-0.000174
-0.000747	-0.000174
-0.000743	-0.000184
-0.000740	-0.000191
-0.000743	-0.000175
-0.000746	-0.000157
-0.000739	-0.000183
-0.000740	-0.000175
-0.000741	-0.000166
-0.000739	-0.000166
-0.000732	-0.000191
-0.000731	-0.000191
-0.000738	-0.000158
-0.000739	-0.000149
-0.000732	-0.000175
-0.000727	-0.000192
-0.000730	-0.000174
-0.000734	-0.000150
-0.000727	-0.000176
-0.000722	-0.000191
-0.000727	-0.000167
-0.000726	-0.000167
-0.000723	-0.000175
-0.000720	-0.000182
-0.000725	-0.000158
-0.000726	-0.000150
-0.000717	-0.000183
-0.000712	-0.000199
-0.000723	-0.000150
-0.000723	-0.000141
-0.000715	-0.000175
-0.000714	-0.000174
-0.000717	-0.000158
-0.000696	-0.000146
-0.000692	-0.000161
-0.000685	-0.000185
-0.000692	-0.000153
-0.000697	-0.000122
-0.000686	-0.000169
-0.000685	-0.000169
-0.000684	-0.000169
-0.000687	-0.000153
-0.000686	-0.000153
-0.000681	-0.000170
-0.000686	-0.000145
-0.000681	-0.000162
-0.000685	-0.000137
-0.000681	-0.000154
-0.000676	-0.000169
-0.000683	-0.000137
-0.000678	-0.000153
-0.000673	-0.000170
-0.000678	-0.000145
-0.000679	-0.000137
-0.000675	-0.000153
-0.000670	-0.000169
-0.000676	-0.000137
-0.000677	-0.000129
-0.000671	-0.000154
-0.000670	-0.000153
-0.000669	-0.000153
-0.000675	-0.000121
-0.000668	-0.000153
-0.000665	-0.000162
-0.000668	-0.000145
-0.000667	-0.000145
-0.000668	-0.000137
-0.000665	-0.000146
-0.000664	-0.000146
-0.000667	-0.000129
-0.000664	-0.000138
-0.000660	-0.000153
-0.000663	-0.000137
-0.000665	-0.000122
-0.000650	-0.000183
-0.000659	-0.000142
-0.000662	-0.000126
-0.000656	-0.000149
-0.000657	-0.000141
-0.000656	-0.000141
-0.000658	-0.000125
-0.000653	-0.000149
-0.000651	-0.000150
-0.000652	-0.000142
-0.000654	-0.000132
-0.000651	-0.000142
-0.000650	-0.000142
-0.000648	-0.000149
-0.000650	-0.000133
-0.000651	-0.000125
-0.000643	-0.000159
-0.000648	-0.000133
-0.000647	-0.000133
-0.000645	-0.000141
-0.000647	-0.000125
-0.000641	-0.000150
-0.000644	-0.000132
-0.000649	-0.000100
-0.000643	-0.000134
-0.000638	-0.000149
-0.000641	-0.000133
-0.000644	-0.000117
-0.000640	-0.000133
-0.000635	-0.000150
-0.000641	-0.000117
-0.000643	-0.000100
-0.000631	-0.000158
-0.000638	-0.000124
-0.000637	-0.000124
-0.000642	-0.000092
-0.000639	-0.000108
-0.000627	-0.000159
-0.000631	-0.000141
-0.000643	-0.000058
-0.000629	-0.000141
-0.000624	-0.000158
-0.000631	-0.000125
-0.000633	-0.000108
-0.000630	-0.000124
-0.000627	-0.000134
-0.000630	-0.000116
-0.000632	-0.000100
-0.000625	-0.000133
-0.000631	-0.000100
-0.000627	-0.000117
-0.000625	-0.000125
-0.000624	-0.000125
-0.000618	-0.000150
-0.000623	-0.000125
-0.000624	-0.000116
-0.000621	-0.000124
-0.000610	-0.000167
-0.000623	-0.000108
-0.000630	-0.000050
-0.000620	-0.000116
-0.000614	-0.000141
-0.000622	-0.000099
-0.000620	-0.000109
-0.000616	-0.000125
-0.000614	-0.000133
-0.000618	-0.000108
-0.000618	-0.000100
-0.000609	-0.000142
-0.000614	-0.000116
-0.000615	-0.000108
-0.000616	-0.000100
-0.000610	-0.000125
-0.000606	-0.000141
-0.000611	-0.000117
-0.000617	-0.000075
-0.000618	-0.000058
-0.000612	-0.000099
-0.000608	-0.000117
-0.000606	-0.000125
-0.000604	-0.000132
-0.000608	-0.000108
-0.000607	-0.000108
-0.000612	-0.000074
-0.000609	-0.000092
-0.000606	-0.000108
-0.000608	-0.000092
-0.000601	-0.000125
-0.000594	-0.000151
-0.000603	-0.000107
-0.000603	-0.000107
-0.000600	-0.000117
-0.000592	-0.000150
-0.000596	-0.000132
-0.000595	-0.000134
-0.000607	-0.000050
-0.000596	-0.000124
-0.000607	-0.000033
-0.000596	-0.000116
-0.000598	-0.000100
-0.000593	-0.000125
-0.000594	-0.000117
-0.000598	-0.000091
-0.000593	-0.000117
-0.000580	-0.000166
-0.000593	-0.000109
-0.000596	-0.000091
-0.000591	-0.000116
-0.000594	-0.000091
-0.000592	-0.000100
-0.000593	-0.000092
-0.000593	-0.000092
-0.000580	-0.000149
-0.000575	-0.000167
-0.000583	-0.000133
-0.000597	-0.000008
-0.000582	-0.000133
-0.000590	-0.000083
-0.000579	-0.000141
-0.000588	-0.000091
-0.000445	-0.000395
-0.000523	-0.000282
-0.000539	0.000249
-0.000116	0.000581
-0.000591	0.000033
0.000042	0.000590
0.000199	-0.000557
-0.000575	0.000133
-0.000585	0.000075
-0.000580	-0.000108
-0.000589	-0.000017
-0.000586	-0.000059
-0.000580	-0.000099
-0.000585	-0.000058
-0.000587	0.000017
-0.000583	-0.000067
-0.000538	-0.000232
-0.000619	-0.000062
-0.000618	-0.000071
-0.000619	-0.000053
-0.000616	-0.000079
-0.000614	-0.000089
-0.000588	-0.000196
-0.000614	-0.000080
-0.000606	-0.000123
-0.000609	-0.000106
-0.000615	-0.000053
-0.000614	-0.000062
-0.000612	-0.000071
-0.000611	-0.000080
-0.000610	-0.000080
-0.000598	-0.000141
-0.000598	-0.000141
-0.000597	-0.000141
-0.000605	-0.000098
-0.000608	-0.000071
-0.000610	-0.000053
-0.000602	-0.000106
-0.000603	-0.000098
-0.000601	-0.000106
-0.000607	-0.000062
-0.000599	-0.000114
-0.000602	-0.000089
-0.000603	-0.000080
-0.000603	-0.000080
-0.000596	-0.000116
-0.000596	-0.000116
-0.000600	-0.000088
-0.000603	-0.000062
-0.000604	-0.000044
-0.000597	-0.000097
-0.000600	-0.000071
-0.000593	-0.000115
-0.000590	-0.000123
-0.000593	-0.000106
-0.000596	-0.000089
-0.000594	-0.000097
-0.000592	-0.000106
-0.000594	-0.000089
-0.000595	-0.000080
-0.000589	-0.000114
-0.000595	-0.000071
-0.000587	-0.000116
-0.000589	-0.000105
-0.000596	-0.000044
-0.000589	-0.000097
-0.000590	-0.000088
-0.000588	-0.000097
-0.000595	-0.000035
-0.000587	-0.000098
-0.000587	-0.000098
-0.000591	-0.000062
-0.000576	-0.000142
-0.000589	-0.000070
-0.000585	-0.000097
-0.000581	-0.000114
-0.000586	-0.000080
-0.000582	-0.000106
-0.000581	-0.000106
-0.000587	-0.000062
-0.000582	-0.000097
-0.000585	-0.000071
-0.000581	-0.000097
-0.000584	-0.000071
-0.000573	-0.000132
-0.000579	-0.000098
-0.000577	-0.000107
-0.000584	-0.000053
-0.000581	-0.000079
-0.000574	-0.000115
-0.000582	-0.000062
-0.000580	-0.000070
-0.000581	-0.000062
-0.000575	-0.000097
-0.000575	-0.000097
-0.000580	-0.000053
-0.000577	-0.000080
-0.000576	-0.000080
-0.000578	-0.000062
-0.000578	-0.000053
-0.000575	-0.000080
-0.000568	-0.000115
-0.000577	-0.000053
-0.000576	-0.000062
-0.000569	-0.000107
-0.000573	0.000079
-0.000569	-0.000098
-0.000574	-0.000062
-0.000570	-0.000089
-0.000556	-0.000150
-0.000573	-0.000062
-0.000575	-0.000027
-0.000572	-0.000062
-0.000568	-0.000089
-0.000569	-0.000080
-0.000573	-0.000035
-0.000570	-0.000062
-0.000561	-0.000116
-0.000567	-0.000080
-0.000571	-0.000026
-0.000570	-0.000045
-0.000561	-0.000107
-0.000566	-0.000071
-0.000565	-0.000079
-0.000563	-0.000088
-0.000563	-0.000088
-0.000567	-0.000044
-0.000603	0.000038
-0.000597	-0.000093
-0.000602	-0.000038
-0.000600	-0.000066
-0.000597	-0.000085
-0.000595	-0.000094
-0.000598	-0.000065
-0.000599	-0.000056
-0.000596	-0.000076
-0.000593	-0.000094
-0.000594	-0.000085
-0.000594	-0.000085
-0.000599	0.000019
-0.000598	-0.000028
-0.000589	-0.000103
-0.000594	-0.000066
-0.000594	-0.000066
-0.000590	-0.000094
-0.000592	-0.000075
-0.000593	-0.000057
-0.000588	-0.000093
-0.000582	-0.000122
-0.000586	-0.000104
-0.000591	-0.000066
-0.000593	-0.000038
-0.000587	-0.000085
-0.000585	-0.000094
-0.000588	-0.000075
-0.000583	-0.000103
-0.000589	-0.000056
-0.000582	-0.000103
-0.000589	-0.000047
-0.000588	-0.000056
-0.000587	-0.000057
-0.000582	-0.000094
-0.000583	-0.000085
-0.000588	-0.000038
-0.000581	-0.000094
-0.000575	-0.000123
-0.000586	-0.000047
-0.000586	-0.000038
-0.000584	-0.000057
-0.000586	-0.000028
-0.000581	-0.000075
-0.000554	-0.000188
-0.000577	-0.000095
-0.000580	-0.000075
-0.000580	-0.000066
-0.000581	-0.000056
-0.000580	-0.000065
-0.000572	-0.000113
-0.000578	-0.000076
-0.000573	-0.000103
-0.000575	-0.000085
-0.000579	-0.000056
-0.000576	-0.000076
-0.000579	-0.000047
-0.000577	-0.000057
-0.000578	-0.000047
-0.000577	-0.000047
-0.000571	-0.000094
-0.000575	-0.000066
-0.000576	-0.000047
-0.000573	-0.000075
-0.000576	-0.000038
-0.000574	-0.000056
-0.000570	-0.000084
-0.000570	-0.000084
-0.000573	-0.000056
-0.000573	-0.000056
-0.000567	-0.000095
-0.000565	-0.000104
-0.000570	-0.000065
-0.000569	-0.000075
-0.000571	-0.000047
-0.000568	-0.000076
-0.000570	0.000056
-0.000572	-0.000028
-0.000570	-0.000047
-0.000570	-0.000047
-0.000568	-0.000057
-0.000570	-0.000028
-0.000566	-0.000066
-0.000570	-0.000019
-0.000556	0.000123
-0.000566	-0.000057
-0.000565	-0.000066
-0.000562	-0.000084
-0.000566	-0.000047
-0.000566	-0.000047
-0.000563	-0.000066
-0.000563	-0.000066
-0.000562	-0.000075
-0.000566	-0.000009
-0.000556	-0.000104
-0.000563	-0.000056
-0.000564	-0.000038
-0.000562	-0.000056
-0.000559	-0.000076
-0.000562	-0.000047
-0.000580	-0.000029
-0.000574	-0.000088
-0.000569	-0.000116
-0.000576	-0.000068
-0.000577	-0.000059
-0.000577	-0.000049
-0.000565	-0.000127
-0.000569	-0.000106
-0.000578	-0.000019
-0.000574	-0.000068
-0.000576	-0.000039
-0.000569	-0.000096
-0.000571	-0.000077
-0.000570	-0.000087
-0.000575	-0.000039
-0.000570	-0.000077
-0.000569	-0.000087
-0.000566	-0.000098
-0.000566	-0.000098
-0.000571	-0.000058
-0.000562	-0.000116
-0.000569	-0.000068
-0.000570	-0.000058
-0.000570	-0.000048
-0.000572	-0.000019
-0.000571	-0.000029
-0.000569	-0.000058
-0.000566	-0.000078
-0.000569	-0.000039
-0.000568	-0.000048
-0.000554	-0.000136
-0.000563	-0.000087
-0.000568	-0.000039
-0.000565	-0.000068
-0.000559	-0.000106
-0.000567	-0.000029
-0.000567	-0.000029
-0.000559	-0.000096
-0.000559	-0.000096
-0.000567	-0.000010
-0.000554	-0.000117
-0.000564	-0.000049
-0.000563	-0.000058
-0.000563	-0.000049
-0.000560	-0.000077
-0.000554	-0.000107
-0.000561	-0.000058
-0.000564	-0.000019
-0.000563	0.000019
-0.000555	-0.000097
-0.000560	-0.000058
-0.000559	-0.000067
-0.000561	-0.000039
-0.000561	-0.000039
-0.000559	-0.000048
-0.000554	-0.000088
-0.000561	-0.000000
-0.000560	-0.000019
-0.000555	-0.000078
-0.000557	-0.000059
-0.000559	-0.000019
-0.000552	-0.000087
-0.000552	-0.000087
-0.000557	-0.000039
-0.000556	-0.000049
-0.000556	-0.000039
-0.000552	-0.000077
-0.000554	-0.000058
-0.000557	0.000010
-0.000554	-0.000049
-0.000542	-0.000126
-0.000550	-0.000077
-0.000548	0.000088
-0.000548	-0.000087
-0.000535	-0.000146
-0.000554	-0.000029
-0.000554	-0.000019
-0.000552	-0.000039
-0.000553	0.000010
-0.000550	-0.000058
-0.000546	-0.000088
-0.000550	-0.000048
-0.000552	-0.000019
-0.000542	-0.000106
-0.000551	-0.000029
-0.000550	0.000029
-0.000545	-0.000078
-0.000545	-0.000078
-0.000550	-0.000019
-0.000549	-0.000038
-0.000541	-0.000097
-0.000549	-0.000010
-0.000545	-0.000068
-0.000544	-0.000068
-0.000544	0.000068
-0.000545	-0.000058
-0.000543	-0.000068
-0.000547	-0.000010
-0.000543	-0.000068
-0.000545	-0.000049
-0.000532	-0.000126
-0.000544	-0.000049
-0.000546	0.000010
-0.000545	0.000000
-0.000545	0.000019
-0.000527	-0.000137
-0.000544	0.000029
-0.000540	-0.000068
-0.000538	0.000077
-0.000496	0.000223
-0.000535	-0.000097
-0.000537	-0.000078
-0.000534	-0.000097
-0.000542	0.000010
-0.000542	-0.000019
-0.000535	-0.000087
-0.000538	-0.000059
-0.000537	-0.000068
-0.000534	-0.000087
-0.000532	-0.000097
-0.000540	0.000010
-0.000531	-0.000097
-0.000537	-0.000049
-0.000538	-0.000039
-0.000539	-0.000019
-0.000536	-0.000049
-0.000534	-0.000068
-0.000529	-0.000096
-0.000536	-0.000049
-0.000534	-0.000058
-0.000537	-0.000020
-0.000536	0.000029
-0.000536	-0.000019
-0.000536	-0.000010
-0.000533	-0.000058
-0.000535	-0.000019
-0.000533	0.000048
-0.000535	0.000019
-0.000526	-0.000097
-0.000526	-0.000097
-0.000534	0.000010
-0.000534	-0.000019
-0.000533	-0.000029
-0.000530	-0.000058
-0.000532	-0.000029
-0.000522	-0.000106
-0.000529	-0.000058
-0.000532	-0.000019
-0.000530	0.000048
-0.000528	-0.000059
-0.000524	-0.000087
-0.000531	-0.000019
-0.000518	-0.000117
-0.000529	-0.000038
-0.000528	-0.000049
-0.000525	-0.000068
-0.000529	0.000019
-0.000528	-0.000039
-0.000527	-0.000049
-0.000528	-0.000020
-0.000527	0.000039
-0.000522	-0.000077
-0.000525	-0.000058
-0.000523	-0.000068
-0.000514	-0.000116
-0.000527	0.000000
-0.000477	-0.000224
-0.000525	-0.000039
-0.000515	0.000107
-0.000526	-0.000010
-0.000520	-0.000077
-0.000525	0.000010
-0.000518	-0.000088
-0.000512	-0.000116
-0.000524	-0.000029
-0.000523	-0.000039
-0.000516	0.000088
-0.000521	-0.000048
-0.000520	-0.000058
-0.000522	-0.000029
-0.000518	-0.000068
-0.000522	-0.000010
-0.000507	-0.000127
-0.000516	-0.000078
-0.000486	-0.000064
-0.000490	-0.000009
-0.000489	-0.000036
-0.000490	0.000000
-0.000486	-0.000055
-0.000485	-0.000064
-0.000477	-0.000110
-0.000487	-0.000037
-0.000480	0.000091
-0.000485	-0.000055
-0.000481	-0.000082
-0.000482	-0.000073
-0.000477	-0.000101
-0.000480	-0.000082
-0.000476	0.000101
-0.000486	-0.000018
-0.000474	-0.000109
-0.000484	0.000046
-0.000483	0.000055
-0.000484	-0.000037
-0.000480	-0.000072
-0.000482	-0.000055
-0.000473	-0.000109
-0.000482	-0.000055
-0.000484	0.000009
-0.000481	-0.000054
-0.000470	-0.000117
-0.000484	-0.000009
-0.000483	0.000027
-0.000482	-0.000027
-0.000466	-0.000128
-0.000476	-0.000082
-0.000482	-0.000019
-0.000482	0.000000
-0.000482	-0.000019
-0.000481	-0.000028
-0.000481	-0.000028
-0.000481	-0.000009
-0.000481	0.000009
-0.000473	-0.000085
-0.000480	-0.000028
-0.000480	0.000019
-0.000474	-0.000076
-0.000477	-0.000056
-0.000480	-0.000000
-0.000479	-0.000019
-0.000472	-0.000085
-0.000476	-0.000056
-0.000454	0.000151
-0.000471	-0.000085
-0.000467	-0.000103
-0.000464	-0.000114
-0.000478	-0.000000
-0.000477	-0.000028
-0.000476	-0.000028
-0.000474	-0.000057
-0.000475	-0.000037
-0.000472	-0.000066
-0.000475	-0.000038
-0.000462	-0.000113
-0.000474	-0.000038
-0.000475	0.000019
-0.000474	0.000028
-0.000474	-0.000028
-0.000474	-0.000019
-0.000469	-0.000075
-0.000468	-0.000075
-0.000467	-0.000084
-0.000473	0.000028
-0.000470	-0.000056
-0.000470	-0.000056
-0.000473	0.000000
-0.000468	-0.000066
-0.000473	-0.000000
-0.000463	-0.000094
-0.000472	-0.000000
-0.000430	0.000009
-0.000430	-0.000000
-0.000430	0.000000
-0.000419	0.000094
-0.000386	0.000189
-0.000424	0.000069
-0.000417	-0.000102
-0.000406	-0.000138
-0.000429	-0.000000
-0.000424	-0.000061
-0.000396	-0.000164
-0.000413	-0.000112
-0.000427	0.000034
-0.000423	-0.000060
-0.000423	-0.000060
-0.000426	-0.000034
-0.000425	0.000043
-0.000418	-0.000085
-0.000416	-0.000093
-0.000423	-0.000052
-0.000426	-0.000009
-0.000426	-0.000009
-0.000401	-0.000145
-0.000426	-0.000009
-0.000425	0.000025
-0.000423	0.000043
-0.000418	0.000077
-0.000425	-0.000000
-0.000419	-0.000068
-0.000425	-0.000000
-0.000392	-0.000162
-0.000419	-0.000068
-0.000415	-0.000086
-0.000376	-0.000196
-0.000420	0.000051
-0.000423	0.000026
-0.000418	-0.000068
-0.000422	0.000026
-0.000417	-0.000068
-0.000415	-0.000078
-0.000420	0.000043
-0.000422	0.000009
-0.000396	-0.000146
-0.000413	0.000086
-0.000402	0.000128
-0.000334	-0.000257
-0.000334	-0.000257
-0.000420	0.000034
-0.000326	0.000266
-0.000419	0.000034
-0.000420	-0.000009
-0.000344	-0.000241
-0.000355	-0.000225
-0.000256	0.000333
0.000419	0.000026
-0.000419	-0.000017
0.000410	0.000085
-0.000000	-0.000419
-0.000364	0.000208
-0.000309	0.000283
-0.000418	0.000000
-0.000414	-0.000060
-0.000412	0.000069
-0.000405	0.000103
-0.000291	-0.000300
-0.000362	-0.000207
-0.000406	0.000095
-0.000323	0.000264
-0.000371	-0.000190
-0.000414	-0.000043
-0.000417	0.000000
-0.000412	-0.000060
-0.000416	-0.000009
-0.000399	0.000119
-0.000411	-0.000060
-0.000414	0.000035
-0.000402	0.000103
-0.000378	-0.000172
-0.000395	-0.000129
-0.000414	-0.000017
-0.000404	-0.000094
-0.000407	-0.000078
-0.000401	-0.000102
-0.000413	0.000034
-0.000403	0.000094
-0.000414	0.000000
-0.000413	0.000017
-0.000410	-0.000051
-0.000407	-0.000069
-0.000413	0.000000
-0.000397	-0.000112
-0.000411	-0.000034
-0.000412	-0.000009
-0.000403	-0.000086
-0.000405	-0.000077
-0.000411	0.000026
-0.000398	0.000033
-0.000399	-0.000017
-0.000397	0.000041
-0.000393	-0.000067
-0.000386	-0.000101
-0.000383	-0.000108
-0.000392	-0.000067
-0.000392	-0.000067
-0.000393	0.000059
-0.000391	0.000075
-0.000397	-0.000000
-0.000397	-0.000000
-0.000397	-0.000008
-0.000393	-0.000058
-0.000390	-0.000075
-0.000397	0.000000
-0.000391	-0.000067
-0.000383	-0.000100
-0.000389	-0.000074
-0.000396	-0.000008
-0.000393	0.000042
-0.000385	0.000092
-0.000395	-0.000017
-0.000393	-0.000042
-0.000392	0.000050
-0.000392	0.000050
-0.000380	-0.000107
-0.000390	-0.000058
-0.000390	-0.000058
-0.000393	0.000033
-0.000385	-0.000084
-0.000392	-0.000042
-0.000393	-0.000025
-0.000392	-0.000033
-0.000363	-0.000151
-0.000393	-0.000009
-0.000376	0.000114
-0.000360	-0.000158
-0.000385	-0.000079
-0.000390	-0.000044
-0.000387	-0.000062
-0.000392	-0.000000
-0.000384	-0.000080
-0.000387	-0.000062
-0.000392	0.000000
-0.000391	0.000000
-0.000375	-0.000060
-0.000379	-0.000017
-0.000379	0.000000
-0.000379	0.000017
-0.000362	-0.000112
-0.000379	0.000009
-0.000378	-0.000009
-0.000372	-0.000069
-0.000370	-0.000077
-0.000370	-0.000077
-0.000377	-0.000017
-0.000378	-0.000009
-0.000377	0.000017
-0.000372	-0.000061
-0.000377	-0.000017
-0.000377	0.000009
-0.000373	-0.000051
-0.000377	-0.000009
-0.000377	-0.000000
-0.000368	-0.000077
-0.000350	-0.000137
-0.000375	-0.000034
-0.000372	0.000052
-0.000366	-0.000085
-0.000372	0.000052
-0.000375	-0.000017
-0.000375	0.000009
-0.000375	-0.000017
-0.000372	0.000043
-0.000368	-0.000069
-0.000368	-0.000069
-0.000374	-0.000017
-0.000373	-0.000035
-0.000373	-0.000035
-0.000374	-0.000008
-0.000371	-0.000043
-0.000354	0.000121
-0.000373	-0.000008
-0.000373	0.000008
-0.000372	-0.000026
-0.000368	-0.000060
-0.000372	0.000026
-0.000372	0.000017
-0.000369	-0.000051
-0.000372	0.000009
-0.000371	-0.000026
-0.000352	-0.000120
-0.000371	0.000026
-0.000369	-0.000043
-0.000360	-0.000094
-0.000371	0.000017
-0.000370	0.000026
-0.000337	-0.000156
-0.000371	-0.000000
-0.000369	-0.000034
-0.000366	0.000060
-0.000371	0.000009
-0.000370	-0.000009
-0.000338	-0.000000
-0.000337	0.000023
-0.000336	-0.000031
-0.000337	-0.000008
-0.000335	-0.000039
-0.000337	-0.000016
-0.000331	-0.000063
-0.000331	-0.000063
-0.000332	-0.000054
-0.000333	-0.000047
-0.000318	-0.000109
-0.000336	-0.000016
-0.000335	-0.000031
-0.000335	-0.000023
-0.000322	-0.000094
-0.000333	-0.000039
-0.000335	-0.000023
-0.000335	-0.000016
-0.000326	-0.000078
-0.000334	0.000023
-0.000329	0.000063
-0.000335	-0.000016
-0.000334	-0.000016
-0.000334	-0.000016
-0.000331	-0.000047
-0.000331	-0.000047
-0.000319	0.000101
-0.000334	0.000008
-0.000332	0.000039
-0.000329	0.000055
-0.000334	0.000008
-0.000333	0.000008
-0.000333	-0.000015
-0.000332	0.000023
-0.000327	-0.000062
-0.000326	-0.000070
-0.000330	-0.000047
-0.000332	0.000016
-0.000332	0.000016
-0.000332	-0.000024
-0.000329	-0.000047
-0.000332	0.000016
-0.000316	-0.000103
-0.000330	-0.000031
-0.000331	-0.000024
-0.000332	0.000008
-0.000332	-0.000000
-0.000330	0.000031
-0.000329	-0.000039
-0.000330	-0.000031
-0.000327	-0.000054
-0.000331	0.000008
-0.000327	-0.000047
-0.000328	-0.000039
-0.000331	0.000000
-0.000330	-0.000008
-0.000329	0.000031
-0.000295	-0.000148
-0.000319	-0.000086
-0.000330	-0.000000
-0.000329	-0.000016
-0.000322	0.000071
-0.000329	-0.000016
-0.000315	0.000095
-0.000259	0.000204
-0.000300	-0.000134
-0.000328	0.000023
-0.000321	0.000071
-0.000325	0.000046
-0.000324	-0.000055
-0.000317	-0.000087
-0.000328	-0.000008
-0.000327	-0.000031
-0.000323	0.000055
-0.000319	-0.000078
-0.000327	-0.000023
-0.000326	-0.000031
-0.000322	-0.000063
-0.000327	-0.000016
-0.000327	0.000016
-0.000321	-0.000063
-0.000326	-0.000031
-0.000327	0.000008
-0.000327	-0.000008
-0.000326	-0.000023
-0.000324	-0.000040
-0.000325	0.000031
-0.000326	0.000008
-0.000326	-0.000016
-0.000325	-0.000032
-0.000318	-0.000070
-0.000324	-0.000032
-0.000323	-0.000039
-0.000322	-0.000047
-0.000324	-0.000032
-0.000325	0.000015
-0.000325	-0.000008
-0.000313	-0.000086
-0.000311	0.000093
-0.000324	0.000016
-0.000303	-0.000117
-0.000324	0.000016
-0.000325	0.000000
-0.000324	0.000024
-0.000311	-0.000093
-0.000323	-0.000024
-0.000324	-0.000016
-0.000324	-0.000008
-0.000323	0.000024
-0.000324	-0.000000
-0.000323	0.000016
-0.000321	-0.000039
-0.000322	-0.000031
-0.000319	-0.000054
-0.000321	0.000039
-0.000320	-0.000047
-0.000320	0.000039
-0.000319	0.000047
-0.000323	0.000000
-0.000322	-0.000024
-0.000320	0.000039
-0.000313	-0.000078
-0.000312	0.000078
-0.000320	-0.000031
-0.000308	0.000095
-0.000312	0.000078
-0.000320	0.000031
-0.000296	-0.000125
-0.000314	0.000071
-0.000320	0.000031
-0.000320	-0.000031
-0.000320	-0.000023
-0.000321	0.000008
-0.000319	-0.000031
-0.000318	-0.000039
-0.000320	0.000008
-0.000320	-0.000000
-0.000317	0.000046
-0.000319	-0.000023
-0.000320	-0.000008
-0.000318	-0.000031
-0.000319	-0.000023
-0.000314	-0.000063
-0.000319	0.000023
-0.000307	0.000087
-0.000319	0.000016
-0.000279	-0.000155
-0.000318	-0.000023
-0.000314	-0.000055
-0.000309	0.000015
-0.000308	-0.000023
-0.000304	-0.000053
-0.000303	0.000061
-0.000308	0.000023
-0.000292	0.000100
-0.000308	-0.000015
-0.000308	0.000000
-0.000308	-0.000023
-0.000307	-0.000031
-0.000306	-0.000038
-0.000301	-0.000068
-0.000306	-0.000038
-0.000303	0.000053
-0.000306	0.000031
-0.000308	-0.000000
-0.000301	-0.000064
-0.000307	-0.000009
-0.000302	-0.000055
-0.000307	-0.000018
-0.000307	0.000009
-0.000306	-0.000018
-0.000306	0.000027
-0.000298	-0.000072
-0.000306	0.000018
-0.000306	-0.000000
-0.000306	-0.000018
-0.000305	-0.000028
-0.000304	-0.000037
-0.000306	0.000000
-0.000302	-0.000046
-0.000304	0.000037
-0.000299	0.000063
-0.000273	0.000137
-0.000301	-0.000055
-0.000282	0.000118
-0.000285	0.000110
-0.000171	0.000253
0.000129	0.000276
-0.000300	-0.000055
-0.000303	0.000037
-0.000304	0.000028
-0.000303	0.000028
-0.000303	-0.000028
-0.000293	0.000082
-0.000302	-0.000037
-0.000303	-0.000028
-0.000272	0.000136
-0.000293	-0.000082
-0.000300	-0.000046
-0.000303	0.000018
-0.000272	0.000136
-0.000304	-0.000000
-0.000301	0.000037
-0.000302	0.000027
-0.000303	-0.000018
-0.000303	0.000000
-0.000303	-0.000009
-0.000303	-0.000009
-0.000303	-0.000000
-0.000302	-0.000018
-0.000302	-0.000009
-0.000298	0.000054
-0.000301	0.000027
-0.000299	0.000045
-0.000302	0.000018
-0.000301	-0.000027
-0.000302	-0.000009
-0.000288	-0.000090
-0.000291	-0.000082
-0.000299	-0.000036
-0.000295	0.000064
-0.000301	-0.000018
-0.000298	0.000045
-0.000301	-0.000009
-0.000301	0.000009
-0.000301	-0.000009
-0.000299	0.000036
-0.000300	-0.000018
-0.000287	-0.000090
-0.000301	-0.000009
-0.000295	0.000055
-0.000300	0.000009
-0.000300	-0.000018
-0.000300	0.000000
-0.000280	-0.000108
-0.000297	-0.000045
-0.000293	-0.000064
-0.000291	0.000073
-0.000298	-0.000036
-0.000299	0.000018
-0.000299	0.000018
-0.000292	-0.000064
-0.000294	-0.000055
-0.000292	0.000064
-0.000297	-0.000036
-0.000290	-0.000073
-0.000299	-0.000009
-0.000294	0.000055
-0.000295	0.000046
-0.000271	-0.000126
-0.000298	-0.000018
-0.000298	-0.000000
-0.000298	0.000018
-0.000297	-0.000027
-0.000295	0.000046
-0.000297	-0.000018
-0.000294	-0.000046
-0.000293	0.000055
-0.000298	-0.000009
-0.000295	-0.000037
-0.000297	-0.000018
-0.000292	-0.000055
-0.000288	-0.000072
-0.000297	0.000018
-0.000297	-0.000019
-0.000297	0.000009
-0.000297	0.000009
-0.000296	-0.000028
-0.000292	-0.000055
-0.000296	0.000009
-0.000272	0.000118
-0.000296	-0.000000
-0.000287	-0.000072
-0.000296	0.000009
-0.000296	0.000018
-0.000295	0.000028
-0.000294	0.000037
-0.000296	0.000009
-0.000292	0.000046
-0.000295	-0.000018
-0.000290	-0.000054
-0.000295	-0.000009
-0.000277	-0.000102
-0.000288	-0.000063
-0.000295	-0.000018
-0.000293	0.000037
-0.000290	0.000054
-0.000294	-0.000018
-0.000292	0.000037
-0.000294	0.000009
-0.000291	-0.000045
-0.000294	-0.000000
-0.000293	-0.000027
-0.000293	-0.000027
-0.000294	-0.000010
-0.000291	0.000040
-0.000294	-0.000000
-0.000294	-0.000010
-0.000292	-0.000030
-0.000294	0.000000
-0.000279	-0.000090
-0.000285	-0.000071
-0.000276	-0.000099
-0.000291	-0.000040
-0.000284	-0.000071
-0.000289	0.000050
-0.000290	-0.000040
-0.000289	0.000050
-0.000282	-0.000080
-0.000281	-0.000080
-0.000292	-0.000010
-0.000288	0.000050
-0.000275	-0.000098
-0.000288	0.000050
-0.000289	-0.000040
-0.000289	0.000040
-0.000275	-0.000098
-0.000289	0.000040
-0.000290	-0.000030
-0.000292	-0.000010
-0.000274	-0.000101
-0.000287	-0.000050
-0.000291	-0.000020
-0.000290	0.000030
-0.000283	-0.000071
-0.000287	0.000049
-0.000287	0.000049
-0.000291	-0.000010
-0.000290	0.000020
-0.000290	-0.000020
-0.000284	-0.000061
-0.000279	-0.000080
-0.000284	0.000061
-0.000279	-0.000080
-0.000290	0.000020
-0.000290	0.000010
-0.000279	0.000080
-0.000279	0.000080
-0.000288	0.000030
-0.000288	-0.000030
-0.000286	-0.000049
-0.000283	-0.000061
-0.000289	-0.000020
-0.000289	-0.000010
-0.000289	-0.000020
-0.000287	-0.000040
-0.000283	-0.000061
-0.000281	0.000070
-0.000289	-0.000010
-0.000268	-0.000109
-0.000284	-0.000051
-0.000288	0.000020
-0.000288	-0.000020
-0.000287	-0.000030
-0.000288	-0.000020
-0.000286	-0.000039
-0.000287	-0.000030
-0.000282	0.000060
-0.000285	-0.000039
-0.000256	-0.000133
-0.000287	-0.000020
-0.000279	0.000070
-0.000288	0.000000
-0.000286	-0.000030
-0.000273	-0.000091
-0.000276	-0.000079
-0.000281	0.000060
-0.000276	0.000079
-0.000287	-0.000020
-0.000284	0.000041
-0.000269	0.000100
-0.000283	0.000050
-0.000250	-0.000140
-0.000285	-0.000030
-0.000282	0.000050
-0.000286	0.000010
-0.000275	0.000079
-0.000285	-0.000031
-0.000238	-0.000159
-0.000283	-0.000040
-0.000283	0.000040
-0.000274	-0.000081
-0.000286	-0.000010
-0.000284	0.000030
-0.000286	-0.000010
-0.000274	-0.000081
-0.000271	-0.000090
-0.000255	0.000128
-0.000281	0.000050
-0.000187	-0.000216
-0.000249	-0.000139
0.000010	0.000285
0.000186	-0.000216
-0.000211	-0.000191
0.000237	-0.000158
-0.000211	-0.000191
-0.000139	0.000248
-0.000248	0.000139
-0.000284	-0.000010
-0.000252	0.000131
-0.000220	-0.000180
-0.000275	-0.000071
-0.000273	0.000081
-0.000283	-0.000020
-0.000278	-0.000060
-0.000282	0.000030
-0.000258	0.000119
-0.000281	-0.000040
-0.000279	-0.000050
-0.000272	0.000081
-0.000283	0.000020
-0.000277	-0.000059
-0.000277	-0.000059
-0.000210	-0.000190
-0.000272	-0.000080
-0.000277	0.000059
-0.000280	0.000040
-0.000271	0.000080
-0.000282	0.000020
-0.000283	0.000000
-0.000282	0.000020
-0.000268	-0.000089
-0.000278	-0.000050
-0.000282	-0.000000
-0.000282	-0.000020
-0.000276	0.000059
-0.000232	0.000161
-0.000270	-0.000080
-0.000280	0.000030
-0.000270	0.000080
-0.000263	-0.000101
-0.000279	-0.000040
-0.000273	-0.000071
-0.000273	0.000071
-0.000281	-0.000020
-0.000281	-0.000020
-0.000272	-0.000071
-0.000277	-0.000049
-0.000278	0.000040
-0.000281	0.000010
-0.000281	-0.000000
-0.000280	0.000020
-0.000178	0.000217
-0.000281	0.000010
-0.000280	0.000020
-0.000272	-0.000070
-0.000278	-0.000040
-0.000238	-0.000149
-0.000280	-0.000020
-0.000266	0.000089
-0.000279	0.000020
-0.000280	-0.000010
-0.000280	0.000010
-0.000280	-0.000000
-0.000273	-0.000061
-0.000273	-0.000061
-0.000277	-0.000040
-0.000278	0.000030
-0.000261	-0.000100
-0.000279	0.000020
-0.000270	0.000070
-0.000279	0.000020
-0.000278	-0.000020
-0.000278	0.000020
-0.000279	0.000010
-0.000272	-0.000060
-0.000276	0.000039
-0.000278	0.000020
-0.000276	-0.000039
-0.000276	0.000039
-0.000277	-0.000030
-0.000278	0.000020
-0.000275	0.000041
-0.000260	0.000100
-0.000269	0.000070
-0.000278	-0.000010
-0.000276	0.000030
-0.000266	-0.000079
-0.000278	0.000010
-0.000277	-0.000020
-0.000269	-0.000070
-0.000277	-0.000020
-0.000273	0.000051
-0.000271	0.000060
-0.000277	-0.000000
-0.000268	0.000070
-0.000277	0.000000
-0.000277	0.000010
-0.000277	0.000010
-0.000274	-0.000041
-0.000265	-0.000081
-0.000276	-0.000020
-0.000274	0.000041
-0.000277	-0.000000
-0.000275	-0.000031
-0.000270	0.000060
-0.000276	-0.000010
-0.000273	-0.000040
-0.000273	-0.000040
-0.000274	-0.000030
-0.000276	0.000010
-0.000275	-0.000020
-0.000257	-0.000099
-0.000275	-0.000020
-0.000273	0.000040
-0.000269	-0.000060
-0.000257	-0.000099
-0.000275	0.000020
-0.000269	-0.000060
-0.000260	-0.000090
-0.000263	-0.000081
-0.000275	-0.000000
-0.000238	-0.000139
-0.000266	0.000069
-0.000263	0.000081
-0.000274	0.000020
-0.000260	0.000090
-0.000230	-0.000150
-0.000262	0.000081
-0.000273	0.000030
-0.000274	-0.000010
-0.000274	-0.000000
-0.000259	-0.000090
-0.000271	-0.000040
-0.000268	-0.000059
-0.000274	-0.000011
-0.000273	0.000024
-0.000274	0.000012
-0.000273	0.000024
-0.000271	0.000035
-0.000270	-0.000047
-0.000265	-0.000069
-0.000273	0.000012
-0.000273	0.000012
-0.000272	0.000024
-0.000273	0.000012
-0.000271	0.000035
-0.000272	0.000024
-0.000253	0.000103
-0.000272	0.000024
-0.000269	-0.000047
-0.000273	0.000012
-0.000269	-0.000047
-0.000270	-0.000035
-0.000272	-0.000012
-0.000266	0.000058
-0.000270	-0.000035
-0.000272	0.000012
-0.000259	0.000083
-0.000272	-0.000012
-0.000259	-0.000083
-0.000272	-0.000012
-0.000272	-0.000012
-0.000272	0.000012
-0.000271	-0.000024
-0.000269	-0.000035
-0.000272	0.000000
-0.000268	-0.000047
-0.000262	-0.000071
-0.000271	0.000012
-0.000240	0.000126
-0.000240	0.000126
-0.000255	-0.000093
-0.000271	-0.000012
-0.000271	0.000012
-0.000269	-0.000035
-0.000258	-0.000082
-0.000232	-0.000139
-0.000271	-0.000012
-0.000223	-0.000153
0.000240	0.000126
-0.000267	0.000046
-0.000130	0.000237
-0.000270	0.000000
-0.000268	-0.000035
-0.000270	-0.000012
-0.000264	0.000057
-0.000270	-0.000000
-0.000264	-0.000057
-0.000270	-0.000012
-0.000268	-0.000035
-0.000254	-0.000092
-0.000260	-0.000071
-0.000266	0.000046
-0.000248	0.000106
-0.000266	-0.000046
-0.000269	-0.000012
-0.000268	-0.000023
-0.000263	0.000057
-0.000263	-0.000060
-0.000262	-0.000060
-0.000267	-0.000035
-0.000259	0.000071
-0.000269	0.000012
-0.000263	-0.000057
-0.000259	0.000071
-0.000268	-0.000012
-0.000265	-0.000046
-0.000268	-0.000012
-0.000242	0.000115
-0.000242	0.000115
-0.000264	0.000046
-0.000259	0.000071
-0.000201	-0.000177
-0.000268	0.000012
-0.000264	0.000046
-0.000268	0.000000
-0.000264	0.000046
-0.000267	-0.000023
-0.000258	-0.000070
-0.000264	-0.000046
-0.000268	0.000000
-0.000261	-0.000059
-0.000261	-0.000059
-0.000267	-0.000012
-0.000265	0.000035
-0.000258	-0.000070
-0.000267	0.000000
-0.000251	-0.000091
-0.000263	0.000046
-0.000220	0.000151
-0.000265	-0.000035
-0.000263	-0.000046
-0.000266	0.000023
-0.000266	-0.000012
-0.000254	-0.000081
-0.000266	-0.000012
-0.000262	0.000048
-0.000260	0.000059
-0.000266	-0.000012
-0.000264	0.000034
-0.000262	0.000048
-0.000265	0.000023
-0.000265	-0.000023
-0.000238	-0.000119
-0.000266	0.000000
-0.000244	0.000105
-0.000261	-0.000048
-0.000263	-0.000034
-0.000265	0.000012
-0.000264	-0.000023
-0.000265	-0.000012
-0.000261	-0.000047
-0.000265	0.000000
-0.000265	-0.000012
-0.000259	0.000059
-0.000263	0.000036
-0.000263	0.000034
-0.000264	-0.000023
-0.000256	-0.000070
-0.000255	-0.000070
-0.000260	0.000047
-0.000260	0.000047
-0.000237	-0.000118
-0.000260	0.000047
-0.000258	0.000059
-0.000263	0.000023
-0.000255	-0.000070
-0.000264	0.000011
-0.000262	0.000036
-0.000263	-0.000023
-0.000264	0.000011
-0.000264	0.000011
-0.000264	0.000011
-0.000257	-0.000058
-0.000261	0.000036
-0.000263	-0.000023
-0.000263	-0.000011
-0.000242	0.000104
-0.000263	-0.000011
-0.000262	-0.000024
-0.000254	0.000069
-0.000263	0.000000
-0.000263	-0.000011
-0.000259	-0.000047
-0.000263	0.000000
-0.000263	-0.000000
-0.000260	0.000036
-0.000262	0.000024
-0.000249	0.000083
-0.000262	-0.000024
-0.000256	-0.000058
-0.000235	-0.000117
-0.000249	-0.000083
-0.000235	-0.000117
-0.000253	-0.000069
-0.000260	-0.000035
-0.000239	0.000108
-0.000222	0.000140
-0.000253	-0.000069
-0.000262	0.000012
-0.000260	-0.000035
-0.000259	-0.000035
-0.000258	-0.000047
-0.000261	0.000024
-0.000257	0.000047
-0.000252	-0.000069
-0.000212	0.000153
-0.000244	-0.000093
-0.000257	-0.000047
-0.000196	0.000173
-0.000260	0.000024
-0.000261	0.000012
-0.000261	-0.000000
-0.000261	0.000012
-0.000261	-0.000012
-0.000259	-0.000035
-0.000260	-0.000024
-0.000244	-0.000093
-0.000257	-0.000047
-0.000260	-0.000024
-0.000256	0.000047
-0.000256	0.000047
-0.000258	-0.000035
-0.000250	-0.000072
-0.000258	-0.000035
-0.000254	0.000058
-0.000259	0.000024
-0.000250	-0.000071
-0.000225	-0.000130
-0.000259	-0.000024
-0.000243	0.000093
-0.000058	0.000253
-0.000257	0.000035
-0.000024	0.000259
0.000195	-0.000172
-0.000253	0.000058
-0.000243	0.000092
-0.000249	0.000071
-0.000250	0.000068
-0.000242	0.000092
-0.000259	0.000000
-0.000257	-0.000035
-0.000255	-0.000046
-0.000249	-0.000071
-0.000246	-0.000082
-0.000259	0.000012
-0.000252	0.000057
-0.000259	-0.000012
-0.000258	-0.000012
-0.000242	0.000092
-0.000258	-0.000012
-0.000254	0.000046
-0.000254	0.000046
-0.000256	-0.000035
-0.000257	-0.000023
-0.000258	0.000012
-0.000258	0.000012
-0.000245	-0.000082
-0.000258	-0.000012
-0.000248	0.000071
-0.000257	-0.000023
-0.000257	0.000023
-0.000258	-0.000012
-0.000258	-0.000000
-0.000244	0.000081
-0.000230	0.000115
-0.000257	-0.000012
-0.000235	-0.000106
-0.000253	-0.000046
-0.000255	0.000035
-0.000253	-0.000046
-0.000255	-0.000035
-0.000257	0.000012
-0.000253	0.000046
-0.000222	0.000129
-0.000255	-0.000035
-0.000256	-0.000023
-0.000250	-0.000057
-0.000257	0.000012
-0.000253	0.000046
-0.000250	-0.000059
-0.000257	-0.000000
-0.000257	-0.000000
-0.000252	-0.000046
-0.000249	-0.000059
-0.000254	-0.000035
-0.000254	0.000035
-0.000252	-0.000046
-0.000256	-0.000012
-0.000249	-0.000059
-0.000256	-0.000012
-0.000255	0.000023
-0.000255	-0.000023
-0.000252	0.000046
-0.000255	0.000012
-0.000246	0.000070
-0.000255	-0.000012
-0.000255	-0.000012
-0.000255	-0.000000
-0.000255	-0.000012
-0.000255	0.000000
-0.000255	-0.000012
-0.000251	0.000046
-0.000197	-0.000162
-0.000255	-0.000012
-0.000255	0.000012
-0.000250	0.000048
-0.000255	0.000012
-0.000251	0.000046
-0.000255	0.000012
-0.000254	0.000012
-0.000255	0.000000
-0.000254	0.000023
-0.000254	-0.000012
-0.000250	0.000048
-0.000253	-0.000023
-0.000254	0.000012
-0.000202	0.000154
-0.000250	0.000048
-0.000244	-0.000070
-0.000253	-0.000023
-0.000232	-0.000104
-0.000253	0.000023
-0.000254	-0.000000
-0.000253	-0.000023
-0.000247	-0.000059
-0.000253	0.000012
-0.000253	-0.000012
-0.000244	-0.000070
-0.000224	-0.000118
-0.000224	-0.000118
-0.000249	-0.000047
-0.000253	0.000000
-0.000246	0.000059
-0.000000	0.000253
0.000253	0.000000
