4096
0.000000	0.000000
-0.182670	-0.432370
-0.381543	-0.202117
0.046629	0.451975
-0.280517	-0.413897
-0.058269	0.067733
0.014912	-0.004269
0.011407	-0.003175
-0.004910	-0.010887
-0.008831	0.002024
0.007088	0.010798
0.005653	-0.007897
-0.007082	-0.001622
-0.004146	0.006998
0.007708	0.000402
0.007322	-0.004589
-0.007934	0.002325
-0.001923	0.012148
0.012704	-0.000278
-0.003957	-0.026627
-0.025076	0.030999
0.081539	0.000779
-0.028921	0.003562
-0.009431	0.059443
0.029387	-0.000897
-0.030368	-0.060501
-0.027489	0.050517
0.078646	-0.071021
-0.029917	-0.016851
0.032701	0.033358
0.025565	-0.020689
-0.019460	0.017911
0.006748	0.003015
-0.000172	-0.001239
0.001069	-0.001775
-0.005152	0.002736
0.000071	0.004554
-0.002174	-0.009150
-0.009055	-0.004987
0.007263	-0.002883
0.006293	-0.003650
-0.002175	0.007024
-0.002678	0.012555
-0.009150	0.004629
-0.013944	0.005519
-0.006199	-0.002670
-0.002361	-0.005895
0.000379	-0.002137
0.000083	0.001283
0.000350	0.004861
-0.003055	0.001504
-0.002105	0.001201
-0.000272	-0.000659
0.000890	-0.000842
0.000309	0.000634
0.000372	0.000375
-0.000033	0.000100
0.000019	-0.000789
0.000394	-0.000378
0.002459	0.001145
0.000636	0.000364
0.000037	0.000262
-0.000448	-0.000061
-0.000024	-0.000102
0.000167	0.000159
0.000110	0.000251
-0.000273	-0.000692
-0.001496	-0.000857
0.000576	-0.000218
-0.000046	-0.000893
0.000392	0.000143
0.001059	0.000225
-0.000534	-0.000062
-0.001739	-0.000535
-0.000852	-0.000438
0.000874	-0.000737
-0.000216	-0.001102
-0.000045	0.000446
0.000670	0.000278
-0.000683	-0.000187
-0.000112	0.000046
0.000774	0.000234
0.000610	-0.000884
-0.000969	0.002020
0.001546	0.000283
-0.002348	-0.001297
-0.000035	0.001203
0.000377	-0.000222
0.000047	-0.000362
-0.000193	-0.000121
-0.000005	0.000121
0.000063	-0.000191
0.000620	0.001329
0.001381	-0.000903
0.000166	0.001180
-0.000893	0.000885
-0.001365	-0.000269
0.000227	-0.000627
-0.001158	-0.001597
-0.000931	0.000511
0.000769	0.000786
0.000677	-0.000873
-0.001738	-0.002130
-0.000036	0.002391
0.001730	-0.002090
-0.001000	-0.001152
0.001180	0.000507
0.000523	0.000232
0.000082	-0.000004
-0.001654	-0.000316
0.000389	-0.000121
-0.000019	-0.001509
0.000313	-0.000535
0.000609	-0.000056
0.000098	0.000351
-0.000023	0.000182
-0.000075	-0.000082
0.000049	-0.000408
0.000117	0.000097
0.000120	0.000283
0.000112	0.000473
-0.000222	-0.000282
-0.000516	-0.000300
0.000126	0.000261
0.000504	-0.000320
-0.000010	-0.000398
0.000212	0.001237
0.000085	-0.000129
-0.000913	0.000208
-0.000224	0.000185
0.000658	-0.000386
-0.000036	-0.000130
-0.000046	0.000326
-0.000009	0.000293
-0.000536	-0.000305
0.000095	-0.000676
-0.000029	-0.000229
0.000541	-0.000485
0.001019	-0.001190
0.000433	-0.000019
0.001496	-0.000357
0.000125	0.000688
0.001146	0.000340
-0.000755	-0.000466
0.000334	0.000800
0.000348	0.000173
-0.000312	0.000018
0.000070	0.000227
0.000234	-0.000105
-0.000040	0.000098
-0.000131	0.000167
0.000076	-0.000184
-0.000156	-0.000029
0.000130	-0.000012
-0.000085	-0.000090
-0.000091	-0.000032
0.000188	0.000072
-0.000039	-0.000079
0.000024	0.000188
0.000344	-0.000016
-0.000242	-0.000123
-0.000070	0.000382
0.000319	-0.000205
-0.000416	0.000080
0.000025	0.000012
-0.000110	-0.000110
0.000055	0.000033
-0.000194	-0.000315
0.000158	0.000191
0.000058	-0.000128
0.000076	-0.000093
-0.000240	-0.000093
-0.000046	0.000028
0.000113	-0.000154
-0.000122	-0.000290
0.000069	0.000200
0.000447	-0.000182
-0.000375	-0.000142
0.000490	0.000841
-0.000148	-0.000280
-0.000260	0.000060
0.000153	-0.000014
-0.000188	-0.000124
-0.000029	0.000064
0.000100	0.000018
-0.000030	-0.000067
-0.000155	0.000051
0.000216	0.000001
0.000072	-0.000068
-0.000030	0.000040
0.000180	0.000001
0.000012	0.000026
0.000050	0.000054
0.000055	0.000084
-0.000011	-0.000004
-0.000057	-0.000021
0.000173	-0.000016
0.000043	-0.000091
0.000086	0.000090
0.000179	-0.000108
0.000049	0.000100
0.000115	0.000023
-0.000086	0.000091
0.000031	0.000047
0.000013	-0.000064
-0.000048	0.000005
0.000034	-0.000043
-0.000004	-0.000018
0.000054	-0.000049
0.000046	-0.000061
-0.000026	-0.000034
-0.000003	-0.000021
0.000006	-0.000049
-0.000024	-0.000041
-0.000016	-0.000028
-0.000016	-0.000030
-0.000021	-0.000024
-0.000022	-0.000022
-0.000023	-0.000017
-0.000021	-0.000012
-0.000019	-0.000010
-0.000019	-0.000009
-0.000019	-0.000006
-0.000016	-0.000003
-0.000013	-0.000004
-0.000013	-0.000004
-0.000013	-0.000003
-0.000011	-0.000001
-0.000009	-0.000002
-0.000010	-0.000003
-0.000010	-0.000002
-0.000009	-0.000001
-0.000007	-0.000002
-0.000008	-0.000003
-0.000008	-0.000002
-0.000007	-0.000001
-0.000006	-0.000002
-0.000007	-0.000003
-0.000007	-0.000002
-0.000006	-0.000001
-0.000005	-0.000002
-0.000006	-0.000002
-0.000007	-0.000002
-0.000006	-0.000001
-0.000005	-0.000002
-0.000005	-0.000002
-0.000006	-0.000001
-0.000005	-0.000001
-0.000004	-0.000001
-0.000005	-0.000002
-0.000005	-0.000001
-0.000005	-0.000001
-0.000004	-0.000001
-0.000004	-0.000002
-0.000005	-0.000001
-0.000004	-0.000000
-0.000003	-0.000001
-0.000004	-0.000002
-0.000005	-0.000001
-0.000004	-0.000000
-0.000003	-0.000001
-0.000004	-0.000002
-0.000004	-0.000001
-0.000004	-0.000000
-0.000003	-0.000001
-0.000004	-0.000002
-0.000004	-0.000001
-0.000003	-0.000000
-0.000003	-0.000001
-0.000003	-0.000002
-0.000004	-0.000001
-0.000003	-0.000000
-0.000003	-0.000001
-0.000003	-0.000002
-0.000004	-0.000001
-0.000003	-0.000000
-0.000002	-0.000001
-0.000003	-0.000001
-0.000004	-0.000001
-0.000003	-0.000000
-0.000002	-0.000001
-0.000003	-0.000001
-0.000003	-0.000001
-0.000003	-0.000000
-0.000002	-0.000001
-0.000003	-0.000001
-0.000003	-0.000001
-0.000003	-0.000000
-0.000002	-0.000001
-0.000003	-0.000001
-0.000003	-0.000001
-0.000003	-0.000000
-0.000002	-0.000001
-0.000002	-0.000001
-0.000003	-0.000001
-0.000002	-0.000000
-0.000002	-0.000001
-0.000002	-0.000001
-0.000003	-0.000001
-0.000002	-0.000000
-0.000002	-0.000001
-0.000002	-0.000001
-0.000003	-0.000001
-0.000002	-0.000000
-0.000002	-0.000001
-0.000002	-0.000001
-0.000003	-0.000001
-0.000002	-0.000000
-0.000002	-0.000001
-0.000002	-0.000001
-0.000003	-0.000001
-0.000002	-0.000000
-0.000002	-0.000001
-0.000002	-0.000001
-0.000002	-0.000001
-0.000002	-0.000000
-0.000001	-0.000000
-0.000002	-0.000001
-0.000002	-0.000000
-0.000002	-0.000000
-0.000001	-0.000000
-0.000002	-0.000001
-0.000002	-0.000000
-0.000002	-0.000000
-0.000001	-0.000000
-0.000002	-0.000001
-0.000002	-0.000000
-0.000002	0.000000
-0.000001	-0.000000
-0.000002	-0.000001
-0.000002	-0.000000
-0.000002	0.000000
-0.000001	-0.000000
-0.000002	-0.000001
-0.000002	-0.000000
-0.000002	0.000000
-0.000001	-0.000000
-0.000002	-0.000001
-0.000002	-0.000000
-0.000002	0.000000
-0.000001	-0.000000
-0.000002	-0.000001
-0.000002	-0.000000
-0.000002	0.000000
-0.000001	-0.000000
-0.000002	-0.000001
-0.000002	-0.000000
-0.000002	0.000000
-0.000001	-0.000000
-0.000001	-0.000001
-0.000002	-0.000000
-0.000001	0.000000
-0.000001	-0.000000
-0.000001	-0.000001
-0.000002	-0.000000
-0.000001	0.000000
-0.000001	-0.000000
-0.000001	-0.000001
-0.000002	-0.000000
-0.000001	0.000000
-0.000001	-0.000000
-0.000001	-0.000001
-0.000002	-0.000000
-0.000001	0.000000
-0.000001	-0.000000
-0.000001	-0.000001
-0.000002	-0.000000
-0.000001	0.000000
-0.000001	-0.000000
-0.000001	-0.000001
-0.000002	-0.000000
-0.000001	0.000000
-0.000001	-0.000000
-0.000001	-0.000001
-0.000002	-0.000000
-0.000001	0.000000
-0.000001	-0.000000
-0.000001	-0.000001
-0.000002	-0.000000
-0.000001	0.000000
-0.000001	-0.000000
-0.000001	-0.000001
-0.000002	-0.000000
-0.000001	0.000000
-0.000001	-0.000000
-0.000001	-0.000001
-0.000001	-0.000000
-0.000001	0.000000
-0.000001	-0.000000
-0.000001	-0.000001
-0.000001	-0.000000
-0.000001	0.000000
-0.000001	-0.000000
-0.000001	-0.000001
-0.000001	-0.000000
-0.000001	0.000000
-0.000001	-0.000000
-0.000001	-0.000001
-0.000001	-0.000000
-0.000001	0.000000
-0.000001	-0.000000
-0.000001	-0.000001
-0.000001	-0.000000
-0.000001	0.000000
-0.000001	-0.000000
-0.000001	-0.000001
-0.000001	-0.000000
-0.000001	0.000000
-0.000001	-0.000000
-0.000001	-0.000000
-0.000001	-0.000000
-0.000001	0.000000
-0.000001	-0.000000
-0.000001	-0.000000
-0.000001	-0.000000
-0.000001	0.000000
-0.000001	-0.000000
-0.000001	-0.000000
-0.000001	-0.000000
-0.000001	0.000000
-0.000001	-0.000000
-0.000001	-0.000000
-0.000001	-0.000000
-0.000001	0.000000
-0.000001	-0.000000
-0.000001	-0.000000
-0.000001	-0.000000
-0.000001	0.000000
-0.000001	-0.000000
-0.000001	-0.000000
-0.000001	-0.000000
-0.000001	0.000000
-0.000001	-0.000000
-0.000001	-0.000000
-0.000001	-0.000000
-0.000001	0.000000
-0.000001	-0.000000
-0.000001	-0.000000
-0.000001	-0.000000
-0.000001	0.000000
-0.000001	-0.000000
-0.000001	-0.000000
-0.000001	-0.000000
-0.000001	0.000000
-0.000001	-0.000000
-0.000001	-0.000000
-0.000001	-0.000000
-0.000001	0.000000
-0.000001	-0.000000
-0.000001	-0.000000
-0.000001	-0.000000
-0.000001	0.000000
-0.000001	-0.000000
-0.000001	-0.000000
-0.000001	-0.000000
-0.000001	0.000000
-0.000001	-0.000000
-0.000001	-0.000000
-0.000001	-0.000000
-0.000001	0.000000
-0.000001	-0.000000
-0.000001	-0.000000
-0.000001	-0.000000
-0.000001	0.000000
-0.000001	-0.000000
-0.000001	-0.000000
-0.000001	-0.000000
-0.000001	0.000000
-0.000001	-0.000000
-0.000001	-0.000000
-0.000001	-0.000000
-0.000001	0.000000
-0.000001	-0.000000
-0.000001	-0.000000
-0.000001	-0.000000
-0.000001	0.000000
-0.000001	-0.000000
-0.000001	-0.000000
-0.000001	-0.000000
-0.000001	0.000000
-0.000001	-0.000000
-0.000001	-0.000000
-0.000001	-0.000000
-0.000001	0.000000
-0.000000	-0.000000
-0.000001	-0.000000
-0.000001	-0.000000
-0.000001	0.000000
-0.000000	-0.000000
-0.000001	-0.000000
-0.000001	-0.000000
-0.000001	0.000000
-0.000000	-0.000000
-0.000001	-0.000000
-0.000001	-0.000000
-0.000001	0.000000
-0.000000	-0.000000
-0.000001	-0.000000
-0.000001	-0.000000
-0.000001	0.000000
-0.000000	-0.000000
-0.000001	-0.000000
-0.000001	-0.000000
-0.000001	0.000000
-0.000000	-0.000000
-0.000001	-0.000000
-0.000001	-0.000000
-0.000001	0.000000
-0.000000	-0.000000
-0.000001	-0.000000
-0.000001	-0.000000
-0.000001	0.000000
-0.000000	-0.000000
-0.000001	-0.000000
-0.000001	-0.000000
-0.000001	0.000000
-0.000000	-0.000000
-0.000001	-0.000000
-0.000001	-0.000000
-0.000001	0.000000
-0.000000	-0.000000
-0.000001	-0.000000
-0.000001	-0.000000
-0.000001	0.000000
-0.000000	-0.000000
-0.000001	-0.000000
-0.000001	-0.000000
-0.000001	0.000000
-0.000000	-0.000000
-0.000001	-0.000000
-0.000001	-0.000000
-0.000001	0.000000
-0.000000	-0.000000
-0.000001	-0.000000
-0.000001	-0.000000
-0.000001	0.000000
-0.000000	-0.000000
-0.000001	-0.000000
-0.000001	-0.000000
-0.000001	0.000000
-0.000000	-0.000000
-0.000001	-0.000000
-0.000001	-0.000000
-0.000001	0.000000
-0.000000	-0.000000
-0.000001	-0.000000
-0.000001	-0.000000
-0.000001	0.000000
-0.000000	-0.000000
-0.000001	-0.000000
-0.000001	-0.000000
-0.000001	0.000000
-0.000000	-0.000000
-0.000001	-0.000000
-0.000001	-0.000000
-0.000001	0.000000
-0.000000	-0.000000
-0.000001	-0.000000
-0.000001	-0.000000
-0.000001	0.000000
-0.000000	-0.000000
-0.000001	-0.000000
-0.000001	-0.000000
-0.000001	0.000000
-0.000000	-0.000000
-0.000001	-0.000000
-0.000001	-0.000000
-0.000001	0.000000
-0.000000	-0.000000
-0.000001	-0.000000
-0.000001	-0.000000
-0.000001	0.000000
-0.000000	-0.000000
-0.000000	-0.000000
-0.000001	-0.000000
-0.000000	0.000000
-0.000000	-0.000000
-0.000000	-0.000000
-0.000001	-0.000000
-0.000000	0.000000
-0.000000	-0.000000
-0.000000	-0.000000
-0.000001	-0.000000
-0.000000	0.000000
-0.000000	-0.000000
-0.000000	-0.000000
-0.000001	-0.000000
-0.000000	0.000000
-0.000000	-0.000000
-0.000000	-0.000000
-0.000001	-0.000000
-0.000000	0.000000
-0.000000	-0.000000
-0.000000	-0.000000
-0.000001	-0.000000
-0.000000	0.000000
-0.000000	-0.000000
-0.000000	-0.000000
-0.000001	-0.000000
-0.000000	0.000000
-0.000000	-0.000000
-0.000000	-0.000000
-0.000001	-0.000000
-0.000000	0.000000
-0.000000	-0.000000
-0.000000	-0.000000
-0.000001	-0.000000
-0.000000	0.000000
-0.000000	-0.000000
-0.000000	-0.000000
-0.000001	-0.000000
-0.000000	0.000000
-0.000000	-0.000000
-0.000000	-0.000000
-0.000001	-0.000000
-0.000000	0.000000
-0.000000	-0.000000
-0.000000	-0.000000
-0.000001	-0.000000
-0.000000	0.000000
-0.000000	-0.000000
-0.000000	-0.000000
-0.000001	-0.000000
-0.000000	0.000000
-0.000000	-0.000000
-0.000000	-0.000000
-0.000001	-0.000000
-0.000000	0.000000
-0.000000	-0.000000
-0.000000	-0.000000
-0.000001	-0.000000
-0.000000	0.000000
-0.000000	-0.000000
-0.000000	-0.000000
-0.000001	-0.000000
-0.000000	0.000000
-0.000000	-0.000000
-0.000000	-0.000000
-0.000001	-0.000000
-0.000000	0.000000
-0.000000	-0.000000
-0.000000	-0.000000
-0.000001	-0.000000
-0.000000	0.000000
-0.000000	-0.000000
-0.000000	-0.000000
-0.000001	-0.000000
-0.000000	0.000000
-0.000000	-0.000000
-0.000000	-0.000000
-0.000001	-0.000000
-0.000000	0.000000
-0.000000	-0.000000
-0.000000	-0.000000
-0.000001	-0.000000
-0.000000	0.000000
-0.000000	-0.000000
-0.000000	-0.000000
-0.000000	-0.000000
-0.000000	0.000000
-0.000000	-0.000000
-0.000000	-0.000000
-0.000000	-0.000000
-0.000000	0.000000
-0.000000	-0.000000
-0.000000	-0.000000
-0.000000	-0.000000
-0.000000	0.000000
-0.000000	-0.000000
-0.000000	-0.000000
-0.000000	-0.000000
-0.000000	0.000000
-0.000000	-0.000000
-0.000000	-0.000000
-0.000000	-0.000000
-0.000000	0.000000
-0.000000	-0.000000
-0.000000	-0.000000
-0.000000	-0.000000
-0.000000	0.000000
-0.000000	-0.000000
-0.000000	-0.000000
-0.000000	-0.000000
-0.000000	0.000000
-0.000000	-0.000000
-0.000000	-0.000000
-0.000000	-0.000000
-0.000000	0.000000
-0.000000	-0.000000
-0.000000	-0.000000
-0.000000	-0.000000
-0.000000	0.000000
-0.000000	-0.000000
-0.000000	-0.000000
-0.000000	-0.000000
-0.000000	0.000000
-0.000000	-0.000000
-0.000000	-0.000000
-0.000000	-0.000000
-0.000000	0.000000
-0.000000	-0.000000
-0.000000	-0.000000
-0.000000	-0.000000
-0.000000	0.000000
-0.000000	-0.000000
-0.000000	-0.000000
-0.000000	-0.000000
-0.000000	0.000000
-0.000000	-0.000000
-0.000000	-0.000000
-0.000000	-0.000000
-0.000000	0.000000
-0.000000	-0.000000
-0.000000	-0.000000
-0.000000	-0.000000
-0.000000	0.000000
-0.000000	-0.000000
-0.000000	-0.000000
-0.000000	-0.000000
-0.000000	0.000000
-0.000000	-0.000000
-0.000000	-0.000000
-0.000000	-0.000000
-0.000000	0.000000
-0.000000	-0.000000
-0.000000	-0.000000
-0.000000	-0.000000
-0.000000	0.000000
-0.000000	-0.000000
-0.000000	-0.000000
-0.000000	-0.000000
-0.000000	0.000000
-0.000000	-0.000000
-0.000000	-0.000000
-0.000000	-0.000000
-0.000000	0.000000
-0.000000	-0.000000
-0.000000	-0.000000
-0.000000	-0.000000
-0.000000	0.000000
-0.000000	-0.000000
-0.000000	-0.000000
-0.000000	-0.000000
-0.000000	0.000000
-0.000000	-0.000000
-0.000000	-0.000000
-0.000000	-0.000000
-0.000000	0.000000
-0.000000	-0.000000
-0.000000	-0.000000
-0.000000	-0.000000
-0.000000	0.000000
-0.000000	-0.000000
-0.000000	-0.000000
-0.000000	-0.000000
-0.000000	0.000000
-0.000000	-0.000000
-0.000000	-0.000000
-0.000000	-0.000000
-0.000000	0.000000
-0.000000	-0.000000
-0.000000	-0.000000
-0.000000	-0.000000
-0.000000	0.000000
-0.000000	-0.000000
-0.000000	-0.000000
-0.000000	-0.000000
-0.000000	0.000000
-0.000000	-0.000000
-0.000000	-0.000000
-0.000000	-0.000000
-0.000000	0.000000
-0.000000	-0.000000
-0.000000	-0.000000
-0.000000	-0.000000
-0.000000	0.000000
-0.000000	-0.000000
-0.000000	-0.000000
-0.000000	-0.000000
-0.000000	0.000000
-0.000000	-0.000000
-0.000000	-0.000000
-0.000000	-0.000000
-0.000000	0.000000
-0.000000	-0.000000
-0.000000	-0.000000
-0.000000	-0.000000
-0.000000	0.000000
-0.000000	-0.000000
-0.000000	-0.000000
-0.000000	-0.000000
-0.000000	0.000000
-0.000000	-0.000000
-0.000000	-0.000000
-0.000000	-0.000000
-0.000000	0.000000
-0.000000	-0.000000
-0.000000	-0.000000
-0.000000	-0.000000
-0.000000	0.000000
-0.000000	-0.000000
-0.000000	-0.000000
-0.000000	-0.000000
-0.000000	0.000000
-0.000000	-0.000000
-0.000000	-0.000000
-0.000000	-0.000000
-0.000000	0.000000
-0.000000	-0.000000
-0.000000	-0.000000
-0.000000	-0.000000
-0.000000	0.000000
-0.000000	-0.000000
-0.000000	-0.000000
-0.000000	-0.000000
-0.000000	0.000000
-0.000000	-0.000000
-0.000000	-0.000000
-0.000000	-0.000000
-0.000000	0.000000
-0.000000	-0.000000
-0.000000	-0.000000
-0.000000	-0.000000
-0.000000	0.000000
-0.000000	-0.000000
-0.000000	-0.000000
-0.000000	-0.000000
-0.000000	0.000000
-0.000000	-0.000000
-0.000000	-0.000000
-0.000000	-0.000000
-0.000000	0.000000
-0.000000	-0.000000
-0.000000	-0.000000
-0.000000	-0.000000
-0.000000	0.000000
-0.000000	-0.000000
-0.000000	-0.000000
-0.000000	-0.000000
-0.000000	0.000000
-0.000000	-0.000000
-0.000000	-0.000000
-0.000000	-0.000000
-0.000000	0.000000
-0.000000	-0.000000
-0.000000	-0.000000
-0.000000	-0.000000
-0.000000	0.000000
-0.000000	-0.000000
-0.000000	-0.000000
-0.000000	-0.000000
-0.000000	0.000000
-0.000000	-0.000000
-0.000000	-0.000000
-0.000000	-0.000000
-0.000000	0.000000
-0.000000	-0.000000
-0.000000	-0.000000
-0.000000	-0.000000
-0.000000	0.000000
-0.000000	-0.000000
-0.000000	-0.000000
-0.000000	-0.000000
-0.000000	0.000000
-0.000000	-0.000000
-0.000000	-0.000000
-0.000000	-0.000000
-0.000000	0.000000
-0.000000	-0.000000
-0.000000	-0.000000
-0.000000	-0.000000
-0.000000	0.000000
-0.000000	-0.000000
-0.000000	-0.000000
-0.000000	-0.000000
-0.000000	0.000000
-0.000000	-0.000000
-0.000000	-0.000000
-0.000000	-0.000000
-0.000000	0.000000
-0.000000	-0.000000
-0.000000	-0.000000
-0.000000	-0.000000
-0.000000	0.000000
-0.000000	-0.000000
-0.000000	-0.000000
-0.000000	-0.000000
-0.000000	0.000000
-0.000000	-0.000000
-0.000000	-0.000000
-0.000000	-0.000000
-0.000000	0.000000
-0.000000	-0.000000
-0.000000	-0.000000
-0.000000	-0.000000
-0.000000	0.000000
-0.000000	-0.000000
-0.000000	-0.000000
-0.000000	-0.000000
-0.000000	0.000000
-0.000000	-0.000000
-0.000000	-0.000000
-0.000000	-0.000000
-0.000000	0.000000
-0.000000	-0.000000
-0.000000	-0.000000
-0.000000	-0.000000
-0.000000	0.000000
-0.000000	-0.000000
-0.000000	-0.000000
-0.000000	-0.000000
-0.000000	0.000000
-0.000000	-0.000000
-0.000000	-0.000000
-0.000000	-0.000000
-0.000000	0.000000
-0.000000	-0.000000
-0.000000	-0.000000
-0.000000	-0.000000
-0.000000	0.000000
-0.000000	-0.000000
-0.000000	-0.000000
-0.000000	-0.000000
-0.000000	0.000000
-0.000000	-0.000000
-0.000000	-0.000000
-0.000000	-0.000000
-0.000000	0.000000
-0.000000	-0.000000
-0.000000	-0.000000
-0.000000	-0.000000
-0.000000	0.000000
-0.000000	0.000000
-0.000000	-0.000000
-0.000000	0.000000
-0.000000	0.000000
-0.000000	-0.000000
-0.000000	-0.000000
-0.000000	-0.000000
-0.000000	0.000000
-0.000000	-0.000000
-0.000000	-0.000000
-0.000000	-0.000000
-0.000000	0.000000
-0.000000	-0.000000
-0.000000	-0.000000
-0.000000	-0.000000
-0.000000	0.000000
-0.000000	-0.000000
-0.000000	-0.000000
-0.000000	-0.000000
-0.000000	0.000000
-0.000000	-0.000000
-0.000000	-0.000000
-0.000000	-0.000000
-0.000000	0.000000
-0.000000	-0.000000
-0.000000	-0.000000
-0.000000	-0.000000
-0.000000	0.000000
-0.000000	-0.000000
-0.000000	-0.000000
-0.000000	-0.000000
-0.000000	0.000000
-0.000000	-0.000000
-0.000000	-0.000000
-0.000000	-0.000000
-0.000000	0.000000
-0.000000	-0.000000
-0.000000	-0.000000
-0.000000	-0.000000
-0.000000	0.000000
-0.000000	-0.000000
-0.000000	-0.000000
-0.000000	-0.000000
-0.000000	0.000000
-0.000000	-0.000000
-0.000000	-0.000000
-0.000000	-0.000000
-0.000000	0.000000
-0.000000	-0.000000
-0.000000	-0.000000
-0.000000	-0.000000
-0.000000	0.000000
-0.000000	-0.000000
-0.000000	-0.000000
-0.000000	-0.000000
-0.000000	0.000000
-0.000000	-0.000000
-0.000000	-0.000000
-0.000000	-0.000000
-0.000000	0.000000
-0.000000	-0.000000
-0.000000	-0.000000
-0.000000	-0.000000
-0.000000	0.000000
-0.000000	-0.000000
-0.000000	-0.000000
-0.000000	-0.000000
-0.000000	0.000000
-0.000000	-0.000000
-0.000000	-0.000000
-0.000000	-0.000000
-0.000000	0.000000
-0.000000	-0.000000
-0.000000	-0.000000
-0.000000	-0.000000
-0.000000	0.000000
-0.000000	-0.000000
-0.000000	-0.000000
-0.000000	-0.000000
-0.000000	0.000000
-0.000000	-0.000000
-0.000000	-0.000000
-0.000000	-0.000000
-0.000000	0.000000
-0.000000	-0.000000
-0.000000	-0.000000
-0.000000	-0.000000
-0.000000	0.000000
-0.000000	0.000000
-0.000000	-0.000000
-0.000000	-0.000000
-0.000000	0.000000
-0.000000	-0.000000
-0.000000	-0.000000
-0.000000	-0.000000
-0.000000	0.000000
-0.000000	-0.000000
-0.000000	-0.000000
-0.000000	-0.000000
-0.000000	0.000000
-0.000000	-0.000000
-0.000000	-0.000000
-0.000000	-0.000000
-0.000000	0.000000
-0.000000	-0.000000
-0.000000	-0.000000
-0.000000	-0.000000
-0.000000	0.000000
-0.000000	-0.000000
-0.000000	-0.000000
-0.000000	-0.000000
-0.000000	0.000000
-0.000000	-0.000000
-0.000000	-0.000000
-0.000000	-0.000000
-0.000000	0.000000
-0.000000	-0.000000
-0.000000	-0.000000
-0.000000	-0.000000
-0.000000	0.000000
-0.000000	-0.000000
-0.000000	-0.000000
-0.000000	-0.000000
-0.000000	0.000000
-0.000000	-0.000000
-0.000000	-0.000000
-0.000000	-0.000000
-0.000000	0.000000
-0.000000	-0.000000
-0.000000	-0.000000
-0.000000	-0.000000
-0.000000	0.000000
-0.000000	-0.000000
-0.000000	-0.000000
-0.000000	-0.000000
-0.000000	0.000000
-0.000000	-0.000000
-0.000000	-0.000000
-0.000000	-0.000000
-0.000000	0.000000
-0.000000	-0.000000
-0.000000	-0.000000
-0.000000	-0.000000
-0.000000	0.000000
-0.000000	-0.000000
-0.000000	-0.000000
-0.000000	-0.000000
-0.000000	0.000000
-0.000000	-0.000000
-0.000000	-0.000000
-0.000000	-0.000000
-0.000000	0.000000
-0.000000	-0.000000
-0.000000	-0.000000
-0.000000	-0.000000
-0.000000	0.000000
-0.000000	-0.000000
-0.000000	-0.000000
-0.000000	-0.000000
-0.000000	0.000000
-0.000000	-0.000000
-0.000000	-0.000000
-0.000000	-0.000000
-0.000000	0.000000
-0.000000	-0.000000
-0.000000	-0.000000
-0.000000	-0.000000
-0.000000	0.000000
-0.000000	-0.000000
-0.000000	-0.000000
-0.000000	0.000000
-0.000000	0.000000
-0.000000	-0.000000
-0.000000	-0.000000
-0.000000	-0.000000
-0.000000	0.000000
-0.000000	-0.000000
-0.000000	-0.000000
-0.000000	-0.000000
-0.000000	0.000000
-0.000000	0.000000
-0.000000	-0.000000
-0.000000	-0.000000
-0.000000	0.000000
-0.000000	-0.000000
-0.000000	-0.000000
-0.000000	-0.000000
-0.000000	0.000000
-0.000000	-0.000000
-0.000000	-0.000000
-0.000000	0.000000
-0.000000	0.000000
-0.000000	-0.000000
-0.000000	-0.000000
-0.000000	-0.000000
-0.000000	0.000000
-0.000000	-0.000000
-0.000000	-0.000000
-0.000000	-0.000000
-0.000000	0.000000
-0.000000	-0.000000
-0.000000	-0.000000
-0.000000	-0.000000
-0.000000	0.000000
-0.000000	0.000000
-0.000000	-0.000000
-0.000000	0.000000
-0.000000	0.000000
-0.000000	0.000000
-0.000000	-0.000000
-0.000000	-0.000000
-0.000000	0.000000
-0.000000	-0.000000
-0.000000	-0.000000
-0.000000	-0.000000
-0.000000	0.000000
-0.000000	0.000000
-0.000000	-0.000000
-0.000000	-0.000000
-0.000000	0.000000
-0.000000	-0.000000
-0.000000	-0.000000
-0.000000	0.000000
-0.000000	0.000000
-0.000000	-0.000000
-0.000000	-0.000000
-0.000000	-0.000000
-0.000000	0.000000
-0.000000	0.000000
-0.000000	-0.000000
-0.000000	-0.000000
-0.000000	0.000000
-0.000000	-0.000000
-0.000000	-0.000000
-0.000000	-0.000000
-0.000000	0.000000
-0.000000	-0.000000
-0.000000	-0.000000
-0.000000	-0.000000
-0.000000	0.000000
-0.000000	-0.000000
-0.000000	-0.000000
-0.000000	0.000000
-0.000000	0.000000
-0.000000	-0.000000
-0.000000	-0.000000
-0.000000	-0.000000
-0.000000	0.000000
-0.000000	0.000000
-0.000000	-0.000000
-0.000000	-0.000000
-0.000000	0.000000
-0.000000	-0.000000
-0.000000	-0.000000
-0.000000	0.000000
-0.000000	0.000000
-0.000000	0.000000
-0.000000	-0.000000
-0.000000	-0.000000
-0.000000	0.000000
-0.000000	-0.000000
-0.000000	-0.000000
-0.000000	0.000000
-0.000000	0.000000
-0.000000	-0.000000
-0.000000	-0.000000
-0.000000	-0.000000
-0.000000	0.000000
-0.000000	-0.000000
-0.000000	-0.000000
-0.000000	-0.000000
-0.000000	0.000000
-0.000000	-0.000000
-0.000000	-0.000000
-0.000000	-0.000000
-0.000000	0.000000
-0.000000	-0.000000
-0.000000	-0.000000
-0.000000	-0.000000
-0.000000	0.000000
-0.000000	-0.000000
-0.000000	-0.000000
-0.000000	-0.000000
-0.000000	0.000000
-0.000000	-0.000000
-0.000000	-0.000000
-0.000000	-0.000000
-0.000000	0.000000
-0.000000	-0.000000
-0.000000	-0.000000
-0.000000	-0.000000
-0.000000	0.000000
-0.000000	-0.000000
-0.000000	-0.000000
-0.000000	-0.000000
-0.000000	0.000000
-0.000000	-0.000000
-0.000000	-0.000000
-0.000000	-0.000000
-0.000000	0.000000
-0.000000	-0.000000
-0.000000	-0.000000
-0.000000	-0.000000
-0.000000	0.000000
-0.000000	-0.000000
-0.000000	-0.000000
-0.000000	0.000000
-0.000000	0.000000
-0.000000	-0.000000
-0.000000	-0.000000
-0.000000	-0.000000
-0.000000	0.000000
-0.000000	0.000000
-0.000000	-0.000000
-0.000000	-0.000000
-0.000000	0.000000
-0.000000	-0.000000
-0.000000	-0.000000
-0.000000	-0.000000
-0.000000	0.000000
-0.000000	-0.000000
-0.000000	-0.000000
-0.000000	0.000000
-0.000000	-0.000000
-0.000000	0.000000
-0.000000	-0.000000
-0.000000	-0.000000
-0.000000	0.000000
-0.000000	0.000000
-0.000000	-0.000000
-0.000000	-0.000000
-0.000000	0.000000
-0.000000	-0.000000
-0.000000	-0.000000
-0.000000	-0.000000
-0.000000	0.000000
-0.000000	-0.000000
-0.000000	-0.000000
-0.000000	-0.000000
-0.000000	0.000000
-0.000000	-0.000000
-0.000000	-0.000000
-0.000000	-0.000000
-0.000000	0.000000
-0.000000	-0.000000
-0.000000	-0.000000
-0.000000	-0.000000
-0.000000	0.000000
-0.000000	-0.000000
-0.000000	-0.000000
-0.000000	-0.000000
-0.000000	0.000000
-0.000000	-0.000000
-0.000000	-0.000000
-0.000000	0.000000
-0.000000	0.000000
-0.000000	-0.000000
-0.000000	-0.000000
-0.000000	-0.000000
-0.000000	0.000000
-0.000000	-0.000000
-0.000000	-0.000000
-0.000000	-0.000000
-0.000000	0.000000
-0.000000	-0.000000
-0.000000	-0.000000
-0.000000	-0.000000
-0.000000	0.000000
-0.000000	-0.000000
-0.000000	-0.000000
-0.000000	-0.000000
-0.000000	-0.000000
-0.000000	0.000000
-0.000000	-0.000000
-0.000000	-0.000000
-0.000000	0.000000
-0.000000	-0.000000
-0.000000	-0.000000
-0.000000	0.000000
-0.000000	0.000000
-0.000000	-0.000000
-0.000000	-0.000000
-0.000000	-0.000000
-0.000000	0.000000
-0.000000	-0.000000
-0.000000	-0.000000
-0.000000	-0.000000
-0.000000	0.000000
-0.000000	0.000000
-0.000000	-0.000000
-0.000000	-0.000000
-0.000000	0.000000
-0.000000	-0.000000
-0.000000	-0.000000
-0.000000	0.000000
-0.000000	0.000000
-0.000000	-0.000000
-0.000000	-0.000000
-0.000000	-0.000000
-0.000000	0.000000
-0.000000	-0.000000
-0.000000	-0.000000
-0.000000	-0.000000
-0.000000	0.000000
-0.000000	-0.000000
-0.000000	-0.000000
-0.000000	-0.000000
-0.000000	0.000000
-0.000000	-0.000000
-0.000000	-0.000000
-0.000000	-0.000000
-0.000000	0.000000
-0.000000	-0.000000
-0.000000	-0.000000
-0.000000	0.000000
-0.000000	0.000000
-0.000000	0.000000
-0.000000	-0.000000
-0.000000	-0.000000
-0.000000	0.000000
-0.000000	-0.000000
-0.000000	-0.000000
-0.000000	-0.000000
-0.000000	0.000000
-0.000000	-0.000000
-0.000000	-0.000000
-0.000000	-0.000000
-0.000000	0.000000
-0.000000	-0.000000
-0.000000	-0.000000
-0.000000	0.000000
-0.000000	0.000000
-0.000000	-0.000000
-0.000000	-0.000000
-0.000000	-0.000000
-0.000000	0.000000
-0.000000	0.000000
-0.000000	-0.000000
-0.000000	-0.000000
-0.000000	0.000000
-0.000000	-0.000000
-0.000000	-0.000000
-0.000000	-0.000000
-0.000000	0.000000
-0.000000	-0.000000
-0.000000	-0.000000
-0.000000	0.000000
-0.000000	0.000000
-0.000000	-0.000000
-0.000000	-0.000000
-0.000000	0.000000
-0.000000	0.000000
-0.000000	0.000000
-0.000000	-0.000000
-0.000000	-0.000000
-0.000000	0.000000
-0.000000	-0.000000
-0.000000	-0.000000
-0.000000	0.000000
-0.000000	0.000000
-0.000000	0.000000
-0.000000	-0.000000
-0.000000	-0.000000
-0.000000	0.000000
-0.000000	0.000000
-0.000000	-0.000000
-0.000000	0.000000
-0.000000	0.000000
-0.000000	0.000000
-0.000000	-0.000000
-0.000000	0.000000
-0.000000	0.000000
-0.000000	-0.000000
-0.000000	-0.000000
-0.000000	-0.000000
-0.000000	0.000000
-0.000000	-0.000000
-0.000000	-0.000000
-0.000000	0.000000
-0.000000	0.000000
-0.000000	-0.000000
-0.000000	-0.000000
-0.000000	-0.000000
-0.000000	0.000000
-0.000000	-0.000000
-0.000000	-0.000000
-0.000000	0.000000
-0.000000	0.000000
-0.000000	0.000000
-0.000000	-0.000000
-0.000000	-0.000000
-0.000000	0.000000
-0.000000	-0.000000
-0.000000	-0.000000
-0.000000	-0.000000
-0.000000	0.000000
-0.000000	-0.000000
-0.000000	-0.000000
-0.000000	0.000000
-0.000000	0.000000
-0.000000	0.000000
-0.000000	-0.000000
-0.000000	0.000000
-0.000000	0.000000
-0.000000	-0.000000
-0.000000	-0.000000
-0.000000	-0.000000
-0.000000	0.000000
-0.000000	-0.000000
-0.000000	-0.000000
-0.000000	0.000000
-0.000000	0.000000
-0.000000	-0.000000
-0.000000	-0.000000
-0.000000	-0.000000
-0.000000	0.000000
-0.000000	-0.000000
-0.000000	-0.000000
-0.000000	-0.000000
-0.000000	0.000000
-0.000000	-0.000000
-0.000000	-0.000000
-0.000000	0.000000
-0.000000	0.000000
-0.000000	0.000000
-0.000000	-0.000000
-0.000000	-0.000000
-0.000000	0.000000
-0.000000	-0.000000
-0.000000	-0.000000
-0.000000	-0.000000
-0.000000	0.000000
-0.000000	-0.000000
-0.000000	-0.000000
-0.000000	-0.000000
-0.000000	0.000000
-0.000000	-0.000000
-0.000000	-0.000000
-0.000000	-0.000000
-0.000000	0.000000
-0.000000	-0.000000
-0.000000	-0.000000
-0.000000	-0.000000
-0.000000	0.000000
-0.000000	-0.000000
-0.000000	-0.000000
-0.000000	-0.000000
-0.000000	0.000000
-0.000000	-0.000000
-0.000000	-0.000000
-0.000000	-0.000000
-0.000000	0.000000
-0.000000	-0.000000
-0.000000	-0.000000
-0.000000	0.000000
-0.000000	0.000000
-0.000000	0.000000
-0.000000	-0.000000
-0.000000	0.000000
-0.000000	0.000000
-0.000000	-0.000000
-0.000000	-0.000000
-0.000000	-0.000000
-0.000000	0.000000
-0.000000	0.000000
-0.000000	-0.000000
-0.000000	-0.000000
-0.000000	0.000000
-0.000000	-0.000000
-0.000000	-0.000000
-0.000000	-0.000000
-0.000000	0.000000
-0.000000	-0.000000
-0.000000	-0.000000
-0.000000	0.000000
-0.000000	0.000000
-0.000000	-0.000000
-0.000000	-0.000000
-0.000000	-0.000000
-0.000000	0.000000
-0.000000	-0.000000
-0.000000	-0.000000
-0.000000	-0.000000
-0.000000	0.000000
-0.000000	-0.000000
-0.000000	-0.000000
-0.000000	-0.000000
-0.000000	0.000000
-0.000000	-0.000000
-0.000000	-0.000000
-0.000000	-0.000000
-0.000000	0.000000
-0.000000	-0.000000
-0.000000	-0.000000
-0.000000	-0.000000
-0.000000	0.000000
-0.000000	-0.000000
-0.000000	-0.000000
-0.000000	-0.000000
-0.000000	0.000000
-0.000000	-0.000000
-0.000000	-0.000000
-0.000000	-0.000000
-0.000000	0.000000
-0.000000	0.000000
-0.000000	-0.000000
-0.000000	-0.000000
-0.000000	0.000000
-0.000000	-0.000000
-0.000000	-0.000000
-0.000000	-0.000000
-0.000000	0.000000
-0.000000	-0.000000
-0.000000	-0.000000
-0.000000	-0.000000
-0.000000	0.000000
-0.000000	0.000000
-0.000000	-0.000000
-0.000000	-0.000000
-0.000000	0.000000
-0.000000	-0.000000
-0.000000	-0.000000
-0.000000	-0.000000
-0.000000	0.000000
-0.000000	-0.000000
-0.000000	-0.000000
-0.000000	-0.000000
-0.000000	0.000000
-0.000000	0.000000
-0.000000	-0.000000
-0.000000	-0.000000
-0.000000	0.000000
-0.000000	-0.000000
-0.000000	-0.000000
-0.000000	-0.000000
-0.000000	0.000000
-0.000000	-0.000000
-0.000000	-0.000000
-0.000000	-0.000000
-0.000000	0.000000
-0.000000	-0.000000
-0.000000	-0.000000
-0.000000	-0.000000
-0.000000	0.000000
-0.000000	-0.000000
-0.000000	-0.000000
-0.000000	0.000000
-0.000000	0.000000
-0.000000	-0.000000
-0.000000	-0.000000
-0.000000	-0.000000
-0.000000	0.000000
-0.000000	0.000000
-0.000000	-0.000000
-0.000000	-0.000000
-0.000000	0.000000
-0.000000	-0.000000
-0.000000	-0.000000
-0.000000	-0.000000
-0.000000	0.000000
-0.000000	-0.000000
-0.000000	-0.000000
-0.000000	-0.000000
-0.000000	0.000000
-0.000000	-0.000000
-0.000000	-0.000000
-0.000000	-0.000000
-0.000000	0.000000
-0.000000	-0.000000
-0.000000	-0.000000
-0.000000	-0.000000
-0.000000	0.000000
-0.000000	-0.000000
-0.000000	-0.000000
-0.000000	-0.000000
-0.000000	0.000000
-0.000000	-0.000000
-0.000000	-0.000000
-0.000000	-0.000000
-0.000000	0.000000
-0.000000	-0.000000
-0.000000	-0.000000
-0.000000	-0.000000
-0.000000	0.000000
-0.000000	-0.000000
-0.000000	-0.000000
-0.000000	-0.000000
-0.000000	0.000000
-0.000000	0.000000
-0.000000	-0.000000
-0.000000	0.000000
-0.000000	0.000000
-0.000000	-0.000000
-0.000000	-0.000000
-0.000000	-0.000000
-0.000000	0.000000
-0.000000	0.000000
-0.000000	-0.000000
-0.000000	-0.000000
-0.000000	0.000000
-0.000000	-0.000000
-0.000000	-0.000000
-0.000000	-0.000000
-0.000000	0.000000
-0.000000	0.000000
-0.000000	-0.000000
-0.000000	-0.000000
-0.000000	0.000000
-0.000000	-0.000000
-0.000000	-0.000000
-0.000000	0.000000
-0.000000	0.000000
-0.000000	-0.000000
-0.000000	-0.000000
-0.000000	0.000000
-0.000000	0.000000
-0.000000	-0.000000
-0.000000	-0.000000
-0.000000	0.000000
-0.000000	0.000000
-0.000000	-0.000000
-0.000000	-0.000000
-0.000000	-0.000000
-0.000000	0.000000
-0.000000	0.000000
-0.000000	-0.000000
-0.000000	-0.000000
-0.000000	0.000000
-0.000000	-0.000000
-0.000000	-0.000000
-0.000000	0.000000
-0.000000	0.000000
-0.000000	-0.000000
-0.000000	-0.000000
-0.000000	-0.000000
-0.000000	0.000000
-0.000000	-0.000000
-0.000000	-0.000000
-0.000000	-0.000000
-0.000000	0.000000
-0.000000	-0.000000
-0.000000	-0.000000
-0.000000	-0.000000
-0.000000	0.000000
-0.000000	0.000000
-0.000000	-0.000000
-0.000000	0.000000
-0.000000	0.000000
-0.000000	0.000000
-0.000000	-0.000000
-0.000000	-0.000000
-0.000000	0.000000
-0.000000	-0.000000
-0.000000	-0.000000
-0.000000	-0.000000
-0.000000	0.000000
-0.000000	-0.000000
-0.000000	-0.000000
-0.000000	-0.000000
-0.000000	0.000000
-0.000000	0.000000
-0.000000	-0.000000
-0.000000	-0.000000
-0.000000	0.000000
-0.000000	-0.000000
-0.000000	-0.000000
-0.000000	-0.000000
-0.000000	0.000000
-0.000000	-0.000000
-0.000000	-0.000000
-0.000000	-0.000000
-0.000000	0.000000
-0.000000	-0.000000
-0.000000	-0.000000
-0.000000	-0.000000
-0.000000	0.000000
-0.000000	-0.000000
-0.000000	-0.000000
-0.000000	-0.000000
-0.000000	0.000000
-0.000000	-0.000000
-0.000000	-0.000000
-0.000000	0.000000
-0.000000	0.000000
-0.000000	-0.000000
-0.000000	-0.000000
-0.000000	-0.000000
-0.000000	0.000000
-0.000000	-0.000000
-0.000000	-0.000000
-0.000000	-0.000000
-0.000000	0.000000
-0.000000	-0.000000
-0.000000	-0.000000
-0.000000	0.000000
-0.000000	0.000000
-0.000000	0.000000
-0.000000	-0.000000
-0.000000	-0.000000
-0.000000	0.000000
-0.000000	0.000000
-0.000000	-0.000000
-0.000000	-0.000000
-0.000000	0.000000
-0.000000	0.000000
-0.000000	-0.000000
-0.000000	-0.000000
-0.000000	0.000000
-0.000000	-0.000000
-0.000000	-0.000000
-0.000000	-0.000000
-0.000000	0.000000
-0.000000	-0.000000
-0.000000	-0.000000
-0.000000	-0.000000
-0.000000	0.000000
-0.000000	-0.000000
-0.000000	-0.000000
-0.000000	-0.000000
-0.000000	0.000000
-0.000000	0.000000
-0.000000	-0.000000
-0.000000	0.000000
-0.000000	0.000000
-0.000000	-0.000000
-0.000000	-0.000000
-0.000000	-0.000000
-0.000000	0.000000
-0.000000	-0.000000
-0.000000	-0.000000
-0.000000	-0.000000
-0.000000	0.000000
-0.000000	-0.000000
-0.000000	-0.000000
-0.000000	-0.000000
-0.000000	0.000000
-0.000000	-0.000000
-0.000000	-0.000000
-0.000000	0.000000
-0.000000	0.000000
-0.000000	-0.000000
-0.000000	-0.000000
-0.000000	-0.000000
-0.000000	0.000000
-0.000000	-0.000000
-0.000000	-0.000000
-0.000000	-0.000000
-0.000000	0.000000
-0.000000	-0.000000
-0.000000	-0.000000
-0.000000	-0.000000
-0.000000	0.000000
-0.000000	0.000000
-0.000000	-0.000000
-0.000000	-0.000000
-0.000000	0.000000
-0.000000	-0.000000
-0.000000	-0.000000
-0.000000	0.000000
-0.000000	0.000000
-0.000000	-0.000000
-0.000000	-0.000000
-0.000000	-0.000000
-0.000000	0.000000
-0.000000	-0.000000
-0.000000	-0.000000
-0.000000	-0.000000
-0.000000	0.000000
-0.000000	-0.000000
-0.000000	-0.000000
-0.000000	-0.000000
-0.000000	0.000000
-0.000000	0.000000
-0.000000	-0.000000
-0.000000	-0.000000
-0.000000	0.000000
-0.000000	-0.000000
-0.000000	-0.000000
-0.000000	0.000000
-0.000000	0.000000
-0.000000	0.000000
-0.000000	-0.000000
-0.000000	-0.000000
-0.000000	0.000000
-0.000000	-0.000000
-0.000000	-0.000000
-0.000000	0.000000
-0.000000	0.000000
-0.000000	-0.000000
-0.000000	-0.000000
-0.000000	-0.000000
-0.000000	0.000000
-0.000000	-0.000000
-0.000000	-0.000000
-0.000000	-0.000000
-0.000000	0.000000
-0.000000	0.000000
-0.000000	-0.000000
-0.000000	-0.000000
-0.000000	0.000000
-0.000000	-0.000000
-0.000000	-0.000000
-0.000000	-0.000000
-0.000000	0.000000
-0.000000	0.000000
-0.000000	-0.000000
-0.000000	-0.000000
-0.000000	0.000000
-0.000000	-0.000000
-0.000000	-0.000000
-0.000000	-0.000000
-0.000000	0.000000
-0.000000	-0.000000
-0.000000	-0.000000
-0.000000	-0.000000
-0.000000	0.000000
-0.000000	-0.000000
-0.000000	-0.000000
-0.000000	0.000000
-0.000000	0.000000
-0.000000	-0.000000
-0.000000	-0.000000
-0.000000	0.000000
-0.000000	0.000000
-0.000000	-0.000000
-0.000000	-0.000000
-0.000000	-0.000000
-0.000000	0.000000
-0.000000	-0.000000
-0.000000	-0.000000
-0.000000	-0.000000
-0.000000	0.000000
-0.000000	0.000000
-0.000000	-0.000000
-0.000000	-0.000000
-0.000000	0.000000
-0.000000	0.000000
-0.000000	-0.000000
-0.000000	0.000000
-0.000000	0.000000
-0.000000	0.000000
-0.000000	-0.000000
-0.000000	-0.000000
-0.000000	0.000000
-0.000000	-0.000000
-0.000000	-0.000000
-0.000000	-0.000000
-0.000000	0.000000
-0.000000	-0.000000
-0.000000	-0.000000
-0.000000	-0.000000
-0.000000	0.000000
-0.000000	-0.000000
-0.000000	-0.000000
-0.000000	-0.000000
-0.000000	0.000000
-0.000000	-0.000000
-0.000000	-0.000000
-0.000000	0.000000
-0.000000	0.000000
-0.000000	-0.000000
-0.000000	-0.000000
-0.000000	-0.000000
-0.000000	0.000000
-0.000000	-0.000000
-0.000000	-0.000000
-0.000000	-0.000000
-0.000000	0.000000
-0.000000	-0.000000
-0.000000	-0.000000
-0.000000	-0.000000
-0.000000	0.000000
-0.000000	-0.000000
-0.000000	-0.000000
-0.000000	-0.000000
-0.000000	0.000000
-0.000000	-0.000000
-0.000000	-0.000000
-0.000000	-0.000000
-0.000000	0.000000
-0.000000	0.000000
-0.000000	-0.000000
-0.000000	-0.000000
-0.000000	0.000000
-0.000000	-0.000000
-0.000000	-0.000000
-0.000000	0.000000
-0.000000	0.000000
-0.000000	0.000000
-0.000000	-0.000000
-0.000000	-0.000000
-0.000000	0.000000
-0.000000	-0.000000
-0.000000	-0.000000
-0.000000	-0.000000
-0.000000	0.000000
-0.000000	-0.000000
-0.000000	-0.000000
-0.000000	-0.000000
-0.000000	0.000000
-0.000000	-0.000000
-0.000000	-0.000000
-0.000000	-0.000000
-0.000000	0.000000
-0.000000	0.000000
-0.000000	-0.000000
-0.000000	-0.000000
-0.000000	0.000000
-0.000000	-0.000000
-0.000000	-0.000000
-0.000000	0.000000
-0.000000	0.000000
-0.000000	-0.000000
-0.000000	-0.000000
-0.000000	-0.000000
-0.000000	0.000000
-0.000000	-0.000000
-0.000000	-0.000000
-0.000000	-0.000000
-0.000000	0.000000
-0.000000	-0.000000
-0.000000	-0.000000
-0.000000	-0.000000
-0.000000	0.000000
-0.000000	0.000000
-0.000000	-0.000000
-0.000000	0.000000
-0.000000	0.000000
-0.000000	-0.000000
-0.000000	-0.000000
-0.000000	0.000000
-0.000000	0.000000
-0.000000	-0.000000
-0.000000	-0.000000
-0.000000	0.000000
-0.000000	0.000000
-0.000000	-0.000000
-0.000000	-0.000000
-0.000000	-0.000000
-0.000000	0.000000
-0.000000	0.000000
-0.000000	-0.000000
-0.000000	0.000000
-0.000000	0.000000
-0.000000	-0.000000
-0.000000	-0.000000
-0.000000	0.000000
-0.000000	0.000000
-0.000000	-0.000000
-0.000000	-0.000000
-0.000000	-0.000000
-0.000000	0.000000
-0.000000	0.000000
-0.000000	-0.000000
-0.000000	-0.000000
-0.000000	0.000000
-0.000000	0.000000
-0.000000	-0.000000
-0.000000	-0.000000
-0.000000	0.000000
-0.000000	-0.000000
-0.000000	-0.000000
-0.000000	-0.000000
-0.000000	0.000000
-0.000000	0.000000
-0.000000	-0.000000
-0.000000	-0.000000
-0.000000	0.000000
-0.000000	0.000000
-0.000000	-0.000000
-0.000000	-0.000000
-0.000000	0.000000
-0.000000	-0.000000
-0.000000	-0.000000
-0.000000	0.000000
-0.000000	0.000000
-0.000000	-0.000000
-0.000000	-0.000000
-0.000000	-0.000000
-0.000000	0.000000
-0.000000	0.000000
-0.000000	-0.000000
-0.000000	0.000000
-0.000000	0.000000
-0.000000	0.000000
-0.000000	-0.000000
-0.000000	-0.000000
-0.000000	0.000000
-0.000000	0.000000
-0.000000	-0.000000
-0.000000	-0.000000
-0.000000	0.000000
-0.000000	0.000000
-0.000000	-0.000000
-0.000000	0.000000
-0.000000	0.000000
-0.000000	0.000000
-0.000000	-0.000000
-0.000000	-0.000000
-0.000000	0.000000
-0.000000	-0.000000
-0.000000	-0.000000
-0.000000	0.000000
-0.000000	0.000000
-0.000000	-0.000000
-0.000000	-0.000000
-0.000000	-0.000000
-0.000000	0.000000
-0.000000	0.000000
-0.000000	-0.000000
-0.000000	0.000000
-0.000000	0.000000
-0.000000	0.000000
-0.000000	-0.000000
-0.000000	-0.000000
-0.000000	0.000000
