4096
0.000000	0.000000
0.000000	-0.462670
0.000000	-0.000000
0.000000	0.514476
0.000000	0.000000
0.000000	-0.222225
0.000000	-0.000000
0.000000	0.198434
0.000000	0.000000
0.000000	-0.131464
0.000000	-0.000000
0.000000	0.122448
0.000000	0.000000
0.000000	-0.093145
0.000000	-0.000000
0.000000	0.088485
0.000000	0.000000
0.000000	-0.072092
0.000000	-0.000000
0.000000	0.069258
0.000000	0.000000
0.000000	-0.058792
0.000000	-0.000000
0.000000	0.056891
0.000000	0.000000
0.000000	-0.049633
0.000000	0.000000
0.000000	0.048269
0.000000	0.000000
0.000000	-0.042941
0.000000	-0.000000
0.000000	0.041916
0.000000	0.000000
0.000000	-0.037839
0.000000	0.000000
0.000000	0.037040
0.000000	0.000000
0.000000	-0.033820
0.000000	-0.000000
0.000000	0.033180
0.000000	0.000000
0.000000	-0.030572
0.000000	0.000000
0.000000	0.030049
0.000000	0.000000
0.000000	-0.027894
0.000000	-0.000000
0.000000	0.027457
0.000000	0.000000
0.000000	-0.025647
0.000000	0.000000
0.000000	0.025277
0.000000	-0.000000
0.000000	-0.023735
0.000000	-0.000000
0.000000	0.023418
0.000000	0.000000
0.000000	-0.022088
0.000000	0.000000
0.000000	0.021813
0.000000	0.000000
0.000000	-0.020655
0.000000	-0.000000
0.000000	0.020414
0.000000	0.000000
0.000000	-0.019396
0.000000	-0.000000
0.000000	0.019184
0.000000	-0.000000
0.000000	-0.018282
0.000000	-0.000000
0.000000	0.018094
0.000000	0.000000
0.000000	-0.017290
0.000000	-0.000000
0.000000	0.017121
0.000000	0.000000
0.000000	-0.016399
0.000000	-0.000000
0.000000	0.016247
0.000000	0.000000
0.000000	-0.015595
0.000000	-0.000000
0.000000	0.015458
0.000000	-0.000000
0.000000	-0.014867
0.000000	-0.000000
0.000000	0.014742
0.000000	0.000000
0.000000	-0.014204
0.000000	-0.000000
0.000000	0.014090
0.000000	0.000000
0.000000	-0.013597
0.000000	0.000000
0.000000	0.013492
0.000000	0.000000
0.000000	-0.013040
0.000000	-0.000000
0.000000	0.012944
0.000000	-0.000000
0.000000	-0.012527
0.000000	-0.000000
0.000000	0.012438
0.000000	-0.000000
0.000000	-0.012053
0.000000	-0.000000
0.000000	0.011970
0.000000	0.000000
0.000000	-0.011613
0.000000	0.000000
0.000000	0.011536
0.000000	0.000000
0.000000	-0.011204
0.000000	-0.000000
0.000000	0.011133
0.000000	-0.000000
0.000000	-0.010823
0.000000	-0.000000
0.000000	0.010757
0.000000	0.000000
0.000000	-0.010467
0.000000	-0.000000
0.000000	0.010405
0.000000	0.000000
0.000000	-0.010134
0.000000	0.000000
0.000000	0.010076
0.000000	0.000000
0.000000	-0.009821
0.000000	-0.000000
0.000000	0.009767
0.000000	0.000000
0.000000	-0.009527
0.000000	-0.000000
0.000000	0.009476
0.000000	-0.000000
0.000000	-0.009251
0.000000	-0.000000
0.000000	0.009202
0.000000	0.000000
0.000000	-0.008989
0.000000	0.000000
0.000000	0.008943
0.000000	0.000000
0.000000	-0.008742
0.000000	-0.000000
0.000000	0.008699
0.000000	0.000000
0.000000	-0.008509
0.000000	-0.000000
0.000000	0.008468
0.000000	0.000000
0.000000	-0.008287
0.000000	-0.000000
0.000000	0.008248
0.000000	0.000000
0.000000	-0.008077
0.000000	0.000000
0.000000	0.008040
0.000000	0.000000
0.000000	-0.007877
0.000000	-0.000000
0.000000	0.007842
0.000000	0.000000
0.000000	-0.007687
0.000000	0.000000
0.000000	0.007653
0.000000	-0.000000
0.000000	-0.007506
0.000000	-0.000000
0.000000	0.007474
0.000000	0.000000
0.000000	-0.007333
0.000000	-0.000000
0.000000	0.007302
0.000000	0.000000
0.000000	-0.007168
0.000000	0.000000
0.000000	0.007138
0.000000	0.000000
0.000000	-0.007010
0.000000	-0.000000
0.000000	0.006982
0.000000	0.000000
0.000000	-0.006859
0.000000	-0.000000
0.000000	0.006832
0.000000	-0.000000
0.000000	-0.006714
0.000000	-0.000000
0.000000	0.006688
0.000000	0.000000
0.000000	-0.006575
0.000000	-0.000000
0.000000	0.006551
0.000000	0.000000
0.000000	-0.006442
0.000000	0.000000
0.000000	0.006419
0.000000	-0.000000
0.000000	-0.006314
0.000000	-0.000000
0.000000	0.006292
0.000000	0.000000
0.000000	-0.006192
0.000000	-0.000000
0.000000	0.006170
0.000000	-0.000000
0.000000	-0.006073
0.000000	0.000000
0.000000	0.006053
0.000000	0.000000
0.000000	-0.005960
0.000000	-0.000000
0.000000	0.005940
0.000000	0.000000
0.000000	-0.005850
0.000000	-0.000000
0.000000	0.005831
0.000000	-0.000000
0.000000	-0.005745
0.000000	-0.000000
0.000000	0.005726
0.000000	0.000000
0.000000	-0.005643
0.000000	-0.000000
0.000000	0.005625
0.000000	0.000000
0.000000	-0.005545
0.000000	0.000000
0.000000	0.005527
0.000000	-0.000000
0.000000	-0.005450
0.000000	-0.000000
0.000000	0.005433
0.000000	0.000000
0.000000	-0.005358
0.000000	-0.000000
0.000000	0.005342
0.000000	0.000000
0.000000	-0.005269
0.000000	0.000000
0.000000	0.005253
0.000000	0.000000
0.000000	-0.005183
0.000000	-0.000000
0.000000	0.005168
0.000000	0.000000
0.000000	-0.005100
0.000000	-0.000000
0.000000	0.005086
0.000000	-0.000000
0.000000	-0.005020
0.000000	-0.000000
0.000000	0.005006
0.000000	0.000000
0.000000	-0.004942
0.000000	-0.000000
0.000000	0.004928
0.000000	0.000000
0.000000	-0.004866
0.000000	0.000000
0.000000	0.004853
0.000000	0.000000
0.000000	-0.004793
0.000000	-0.000000
0.000000	0.004780
0.000000	0.000000
0.000000	-0.004722
0.000000	-0.000000
0.000000	0.004709
0.000000	-0.000000
0.000000	-0.004653
0.000000	0.000000
0.000000	0.004641
0.000000	0.000000
0.000000	-0.004586
0.000000	-0.000000
0.000000	0.004574
0.000000	0.000000
0.000000	-0.004521
0.000000	-0.000000
0.000000	0.004509
0.000000	-0.000000
0.000000	-0.004458
0.000000	-0.000000
0.000000	0.004446
0.000000	0.000000
0.000000	-0.004396
0.000000	-0.000000
0.000000	0.004385
0.000000	0.000000
0.000000	-0.004336
0.000000	0.000000
0.000000	0.004325
0.000000	0.000000
0.000000	-0.004278
0.000000	-0.000000
0.000000	0.004267
0.000000	0.000000
0.000000	-0.004221
0.000000	-0.000000
0.000000	0.004211
0.000000	0.000000
0.000000	-0.004166
0.000000	-0.000000
0.000000	0.004156
0.000000	0.000000
0.000000	-0.004112
0.000000	-0.000000
0.000000	0.004102
0.000000	0.000000
0.000000	-0.004060
0.000000	-0.000000
0.000000	0.004050
0.000000	-0.000000
0.000000	-0.004008
0.000000	-0.000000
0.000000	0.003999
0.000000	0.000000
0.000000	-0.003959
0.000000	-0.000000
0.000000	0.003950
0.000000	0.000000
0.000000	-0.003910
0.000000	-0.000000
0.000000	0.003901
0.000000	0.000000
0.000000	-0.003863
0.000000	-0.000000
0.000000	0.003854
0.000000	-0.000000
0.000000	-0.003816
0.000000	0.000000
0.000000	0.003808
0.000000	-0.000000
0.000000	-0.003771
0.000000	-0.000000
0.000000	0.003763
0.000000	0.000000
0.000000	-0.003727
0.000000	-0.000000
0.000000	0.003719
0.000000	0.000000
0.000000	-0.003684
0.000000	-0.000000
0.000000	0.003676
0.000000	0.000000
0.000000	-0.003642
0.000000	-0.000000
0.000000	0.003634
0.000000	0.000000
0.000000	-0.003600
0.000000	0.000000
0.000000	0.003593
0.000000	-0.000000
0.000000	-0.003560
0.000000	0.000000
0.000000	0.003553
0.000000	0.000000
0.000000	-0.003521
0.000000	-0.000000
0.000000	0.003514
0.000000	0.000000
0.000000	-0.003482
0.000000	-0.000000
0.000000	0.003475
0.000000	0.000000
0.000000	-0.003445
0.000000	-0.000000
0.000000	0.003438
0.000000	0.000000
0.000000	-0.003408
0.000000	0.000000
0.000000	0.003401
0.000000	-0.000000
0.000000	-0.003372
0.000000	0.000000
0.000000	0.003365
0.000000	0.000000
0.000000	-0.003336
0.000000	-0.000000
0.000000	0.003330
0.000000	0.000000
0.000000	-0.003302
0.000000	-0.000000
0.000000	0.003295
0.000000	0.000000
0.000000	-0.003268
0.000000	-0.000000
0.000000	0.003262
0.000000	0.000000
0.000000	-0.003235
0.000000	-0.000000
0.000000	0.003229
0.000000	-0.000000
0.000000	-0.003202
0.000000	0.000000
0.000000	0.003196
0.000000	-0.000000
0.000000	-0.003170
0.000000	-0.000000
0.000000	0.003164
0.000000	0.000000
0.000000	-0.003139
0.000000	-0.000000
0.000000	0.003133
0.000000	0.000000
0.000000	-0.003108
0.000000	-0.000000
0.000000	0.003103
0.000000	0.000000
0.000000	-0.003078
0.000000	-0.000000
0.000000	0.003073
0.000000	-0.000000
0.000000	-0.003049
0.000000	0.000000
0.000000	0.003043
0.000000	-0.000000
0.000000	-0.003020
0.000000	-0.000000
0.000000	0.003015
0.000000	0.000000
0.000000	-0.002991
0.000000	-0.000000
0.000000	0.002986
0.000000	0.000000
0.000000	-0.002964
0.000000	-0.000000
0.000000	0.002959
0.000000	0.000000
0.000000	-0.002936
0.000000	-0.000000
0.000000	0.002931
0.000000	0.000000
0.000000	-0.002909
0.000000	0.000000
0.000000	0.002905
0.000000	-0.000000
0.000000	-0.002883
0.000000	0.000000
0.000000	0.002878
0.000000	0.000000
0.000000	-0.002857
0.000000	-0.000000
0.000000	0.002852
0.000000	0.000000
0.000000	-0.002832
0.000000	-0.000000
0.000000	0.002827
0.000000	0.000000
0.000000	-0.002807
0.000000	-0.000000
0.000000	0.002802
0.000000	0.000000
0.000000	-0.002782
0.000000	-0.000000
0.000000	0.002778
0.000000	-0.000000
0.000000	-0.002758
0.000000	0.000000
0.000000	0.002754
0.000000	-0.000000
0.000000	-0.002734
0.000000	-0.000000
0.000000	0.002730
0.000000	0.000000
0.000000	-0.002711
0.000000	-0.000000
0.000000	0.002707
0.000000	0.000000
0.000000	-0.002688
0.000000	-0.000000
0.000000	0.002684
0.000000	0.000000
0.000000	-0.002666
0.000000	-0.000000
0.000000	0.002662
0.000000	0.000000
0.000000	-0.002644
0.000000	0.000000
0.000000	0.002640
0.000000	-0.000000
0.000000	-0.002622
0.000000	-0.000000
0.000000	0.002618
0.000000	0.000000
0.000000	-0.002600
0.000000	-0.000000
0.000000	0.002597
0.000000	0.000000
0.000000	-0.002579
0.000000	-0.000000
0.000000	0.002576
0.000000	0.000000
0.000000	-0.002559
0.000000	-0.000000
0.000000	0.002555
0.000000	0.000000
0.000000	-0.002538
0.000000	0.000000
0.000000	0.002534
0.000000	-0.000000
0.000000	-0.002518
0.000000	0.000000
0.000000	0.002514
0.000000	0.000000
0.000000	-0.002498
0.000000	-0.000000
0.000000	0.002495
0.000000	0.000000
0.000000	-0.002479
0.000000	-0.000000
0.000000	0.002475
0.000000	0.000000
0.000000	-0.002460
0.000000	-0.000000
0.000000	0.002456
0.000000	0.000000
0.000000	-0.002441
0.000000	-0.000000
0.000000	0.002437
0.000000	-0.000000
0.000000	-0.002422
0.000000	0.000000
0.000000	0.002419
0.000000	0.000000
0.000000	-0.002404
0.000000	-0.000000
0.000000	0.002401
0.000000	0.000000
0.000000	-0.002386
0.000000	-0.000000
0.000000	0.002383
0.000000	0.000000
0.000000	-0.002368
0.000000	-0.000000
0.000000	0.002365
0.000000	0.000000
0.000000	-0.002351
0.000000	-0.000000
0.000000	0.002348
0.000000	-0.000000
0.000000	-0.002333
0.000000	0.000000
0.000000	0.002330
0.000000	-0.000000
0.000000	-0.002317
0.000000	-0.000000
0.000000	0.002313
0.000000	0.000000
0.000000	-0.002300
0.000000	-0.000000
0.000000	0.002297
0.000000	0.000000
0.000000	-0.002283
0.000000	-0.000000
0.000000	0.002280
0.000000	0.000000
0.000000	-0.002267
0.000000	-0.000000
0.000000	0.002264
0.000000	0.000000
0.000000	-0.002251
0.000000	0.000000
0.000000	0.002248
0.000000	-0.000000
0.000000	-0.002235
0.000000	-0.000000
0.000000	0.002232
0.000000	0.000000
0.000000	-0.002220
0.000000	-0.000000
0.000000	0.002217
0.000000	0.000000
0.000000	-0.002204
0.000000	-0.000000
0.000000	0.002201
0.000000	0.000000
0.000000	-0.002189
0.000000	-0.000000
0.000000	0.002186
0.000000	0.000000
0.000000	-0.002174
0.000000	-0.000000
0.000000	0.002171
0.000000	-0.000000
0.000000	-0.002159
0.000000	0.000000
0.000000	0.002157
0.000000	0.000000
0.000000	-0.002145
0.000000	-0.000000
0.000000	0.002142
0.000000	0.000000
0.000000	-0.002130
0.000000	-0.000000
0.000000	0.002128
0.000000	0.000000
0.000000	-0.002116
0.000000	-0.000000
0.000000	0.002114
0.000000	0.000000
0.000000	-0.002102
0.000000	-0.000000
0.000000	0.002100
0.000000	0.000000
0.000000	-0.002089
0.000000	0.000000
0.000000	0.002086
0.000000	0.000000
0.000000	-0.002075
0.000000	-0.000000
0.000000	0.002072
0.000000	0.000000
0.000000	-0.002061
0.000000	-0.000000
0.000000	0.002059
0.000000	0.000000
0.000000	-0.002048
0.000000	-0.000000
0.000000	0.002046
0.000000	0.000000
0.000000	-0.002035
0.000000	-0.000000
0.000000	0.002033
0.000000	0.000000
0.000000	-0.002022
0.000000	0.000000
0.000000	0.002020
0.000000	-0.000000
0.000000	-0.002009
0.000000	-0.000000
0.000000	0.002007
0.000000	0.000000
0.000000	-0.001997
0.000000	-0.000000
0.000000	0.001995
0.000000	0.000000
0.000000	-0.001984
0.000000	-0.000000
0.000000	0.001982
0.000000	0.000000
0.000000	-0.001972
0.000000	-0.000000
0.000000	0.001970
0.000000	0.000000
0.000000	-0.001960
0.000000	-0.000000
0.000000	0.001958
0.000000	0.000000
0.000000	-0.001948
0.000000	-0.000000
0.000000	0.001946
0.000000	0.000000
0.000000	-0.001936
0.000000	-0.000000
0.000000	0.001934
0.000000	0.000000
0.000000	-0.001924
0.000000	-0.000000
0.000000	0.001922
0.000000	-0.000000
0.000000	-0.001913
0.000000	-0.000000
0.000000	0.001911
0.000000	-0.000000
0.000000	-0.001901
0.000000	-0.000000
0.000000	0.001899
0.000000	-0.000000
0.000000	-0.001890
0.000000	-0.000000
0.000000	0.001888
0.000000	0.000000
0.000000	-0.001879
0.000000	-0.000000
0.000000	0.001877
0.000000	0.000000
0.000000	-0.001868
0.000000	-0.000000
0.000000	0.001866
0.000000	0.000000
0.000000	-0.001857
0.000000	0.000000
0.000000	0.001855
0.000000	0.000000
0.000000	-0.001846
0.000000	0.000000
0.000000	0.001844
0.000000	0.000000
0.000000	-0.001836
0.000000	0.000000
0.000000	0.001834
0.000000	0.000000
0.000000	-0.001825
0.000000	-0.000000
0.000000	0.001823
0.000000	0.000000
0.000000	-0.001815
0.000000	-0.000000
0.000000	0.001813
0.000000	0.000000
0.000000	-0.001804
0.000000	-0.000000
0.000000	0.001803
0.000000	-0.000000
0.000000	-0.001794
0.000000	-0.000000
0.000000	0.001792
0.000000	-0.000000
0.000000	-0.001784
0.000000	-0.000000
0.000000	0.001782
0.000000	-0.000000
0.000000	-0.001774
0.000000	-0.000000
0.000000	0.001772
0.000000	0.000000
0.000000	-0.001764
0.000000	-0.000000
0.000000	0.001763
0.000000	0.000000
0.000000	-0.001755
0.000000	0.000000
0.000000	0.001753
0.000000	0.000000
0.000000	-0.001745
0.000000	0.000000
0.000000	0.001743
0.000000	0.000000
0.000000	-0.001736
0.000000	0.000000
0.000000	0.001734
0.000000	0.000000
0.000000	-0.001726
0.000000	0.000000
0.000000	0.001724
0.000000	0.000000
0.000000	-0.001717
0.000000	-0.000000
0.000000	0.001715
0.000000	0.000000
0.000000	-0.001708
0.000000	-0.000000
0.000000	0.001706
0.000000	-0.000000
0.000000	-0.001698
0.000000	-0.000000
0.000000	0.001697
0.000000	-0.000000
0.000000	-0.001689
0.000000	-0.000000
0.000000	0.001688
0.000000	-0.000000
0.000000	-0.001681
0.000000	-0.000000
0.000000	0.001679
0.000000	0.000000
0.000000	-0.001672
0.000000	-0.000000
0.000000	0.001670
0.000000	0.000000
0.000000	-0.001663
0.000000	-0.000000
0.000000	0.001661
0.000000	0.000000
0.000000	-0.001654
0.000000	0.000000
0.000000	0.001653
0.000000	0.000000
0.000000	-0.001646
0.000000	0.000000
0.000000	0.001644
0.000000	0.000000
0.000000	-0.001637
0.000000	0.000000
0.000000	0.001636
0.000000	0.000000
0.000000	-0.001629
0.000000	-0.000000
0.000000	0.001627
0.000000	0.000000
0.000000	-0.001621
0.000000	-0.000000
0.000000	0.001619
0.000000	0.000000
0.000000	-0.001612
0.000000	-0.000000
0.000000	0.001611
0.000000	-0.000000
0.000000	-0.001604
0.000000	-0.000000
0.000000	0.001603
0.000000	-0.000000
0.000000	-0.001596
0.000000	-0.000000
0.000000	0.001595
0.000000	-0.000000
0.000000	-0.001588
0.000000	-0.000000
0.000000	0.001587
0.000000	0.000000
0.000000	-0.001580
0.000000	-0.000000
0.000000	0.001579
0.000000	0.000000
0.000000	-0.001573
0.000000	-0.000000
0.000000	0.001571
0.000000	0.000000
0.000000	-0.001565
0.000000	0.000000
0.000000	0.001563
0.000000	0.000000
0.000000	-0.001557
0.000000	0.000000
0.000000	0.001556
0.000000	0.000000
0.000000	-0.001550
0.000000	0.000000
0.000000	0.001548
0.000000	0.000000
0.000000	-0.001542
0.000000	-0.000000
0.000000	0.001541
0.000000	0.000000
0.000000	-0.001535
0.000000	-0.000000
0.000000	0.001533
0.000000	-0.000000
0.000000	-0.001527
0.000000	-0.000000
0.000000	0.001526
0.000000	-0.000000
0.000000	-0.001520
0.000000	-0.000000
0.000000	0.001519
0.000000	-0.000000
0.000000	-0.001513
0.000000	-0.000000
0.000000	0.001512
0.000000	0.000000
0.000000	-0.001506
0.000000	-0.000000
0.000000	0.001504
0.000000	0.000000
0.000000	-0.001499
0.000000	-0.000000
0.000000	0.001497
0.000000	0.000000
0.000000	-0.001492
0.000000	0.000000
0.000000	0.001490
0.000000	0.000000
0.000000	-0.001485
0.000000	0.000000
0.000000	0.001483
0.000000	0.000000
0.000000	-0.001478
0.000000	0.000000
0.000000	0.001476
0.000000	0.000000
0.000000	-0.001471
0.000000	-0.000000
0.000000	0.001470
0.000000	0.000000
0.000000	-0.001464
0.000000	-0.000000
0.000000	0.001463
0.000000	0.000000
0.000000	-0.001457
0.000000	-0.000000
0.000000	0.001456
0.000000	-0.000000
0.000000	-0.001451
0.000000	-0.000000
0.000000	0.001450
0.000000	-0.000000
0.000000	-0.001444
0.000000	-0.000000
0.000000	0.001443
0.000000	-0.000000
0.000000	-0.001438
0.000000	-0.000000
0.000000	0.001436
0.000000	0.000000
0.000000	-0.001431
0.000000	-0.000000
0.000000	0.001430
0.000000	0.000000
0.000000	-0.001425
0.000000	-0.000000
0.000000	0.001424
0.000000	0.000000
0.000000	-0.001418
0.000000	0.000000
0.000000	0.001417
0.000000	0.000000
0.000000	-0.001412
0.000000	0.000000
0.000000	0.001411
0.000000	0.000000
0.000000	-0.001406
0.000000	0.000000
0.000000	0.001405
0.000000	0.000000
0.000000	-0.001400
0.000000	-0.000000
0.000000	0.001399
0.000000	0.000000
0.000000	-0.001394
0.000000	-0.000000
0.000000	0.001392
0.000000	0.000000
0.000000	-0.001388
0.000000	-0.000000
0.000000	0.001386
0.000000	-0.000000
0.000000	-0.001381
0.000000	-0.000000
0.000000	0.001380
0.000000	-0.000000
0.000000	-0.001376
0.000000	-0.000000
0.000000	0.001374
0.000000	-0.000000
0.000000	-0.001370
0.000000	-0.000000
0.000000	0.001369
0.000000	0.000000
0.000000	-0.001364
0.000000	-0.000000
0.000000	0.001363
0.000000	0.000000
0.000000	-0.001358
0.000000	-0.000000
0.000000	0.001357
0.000000	0.000000
0.000000	-0.001352
0.000000	0.000000
0.000000	0.001351
0.000000	0.000000
0.000000	-0.001346
0.000000	0.000000
0.000000	0.001345
0.000000	0.000000
0.000000	-0.001341
0.000000	-0.000000
0.000000	0.001340
0.000000	0.000000
0.000000	-0.001335
0.000000	-0.000000
0.000000	0.001334
0.000000	0.000000
0.000000	-0.001330
0.000000	-0.000000
0.000000	0.001329
0.000000	0.000000
0.000000	-0.001324
0.000000	-0.000000
0.000000	0.001323
0.000000	-0.000000
0.000000	-0.001319
0.000000	-0.000000
0.000000	0.001318
0.000000	-0.000000
0.000000	-0.001313
0.000000	-0.000000
0.000000	0.001312
0.000000	0.000000
0.000000	-0.001308
0.000000	-0.000000
0.000000	0.001307
0.000000	0.000000
0.000000	-0.001302
0.000000	-0.000000
0.000000	0.001301
0.000000	0.000000
0.000000	-0.001297
0.000000	0.000000
0.000000	0.001296
0.000000	0.000000
0.000000	-0.001292
0.000000	0.000000
0.000000	0.001291
0.000000	0.000000
0.000000	-0.001287
0.000000	0.000000
0.000000	0.001286
0.000000	0.000000
0.000000	-0.001281
0.000000	-0.000000
0.000000	0.001280
0.000000	0.000000
0.000000	-0.001276
0.000000	-0.000000
0.000000	0.001275
0.000000	0.000000
0.000000	-0.001271
0.000000	-0.000000
0.000000	0.001270
0.000000	-0.000000
0.000000	-0.001266
0.000000	-0.000000
0.000000	0.001265
0.000000	-0.000000
0.000000	-0.001261
0.000000	-0.000000
0.000000	0.001260
0.000000	-0.000000
0.000000	-0.001256
0.000000	-0.000000
0.000000	0.001255
0.000000	0.000000
0.000000	-0.001251
0.000000	-0.000000
0.000000	0.001250
0.000000	0.000000
0.000000	-0.001246
0.000000	-0.000000
0.000000	0.001245
0.000000	0.000000
0.000000	-0.001241
0.000000	0.000000
0.000000	0.001241
0.000000	0.000000
0.000000	-0.001237
0.000000	0.000000
0.000000	0.001236
0.000000	0.000000
0.000000	-0.001232
0.000000	-0.000000
0.000000	0.001231
0.000000	0.000000
0.000000	-0.001227
0.000000	-0.000000
0.000000	0.001226
0.000000	0.000000
0.000000	-0.001222
0.000000	-0.000000
0.000000	0.001221
0.000000	0.000000
0.000000	-0.001218
0.000000	-0.000000
0.000000	0.001217
0.000000	-0.000000
0.000000	-0.001213
0.000000	-0.000000
0.000000	0.001212
0.000000	-0.000000
0.000000	-0.001208
0.000000	-0.000000
0.000000	0.001208
0.000000	0.000000
0.000000	-0.001204
0.000000	-0.000000
0.000000	0.001203
0.000000	0.000000
0.000000	-0.001199
0.000000	-0.000000
0.000000	0.001198
0.000000	0.000000
0.000000	-0.001195
0.000000	-0.000000
0.000000	0.001194
0.000000	0.000000
0.000000	-0.001190
0.000000	0.000000
0.000000	0.001190
0.000000	0.000000
0.000000	-0.001186
0.000000	0.000000
0.000000	0.001185
0.000000	0.000000
0.000000	-0.001182
0.000000	-0.000000
0.000000	0.001181
0.000000	0.000000
0.000000	-0.001177
0.000000	-0.000000
0.000000	0.001176
0.000000	0.000000
0.000000	-0.001173
0.000000	-0.000000
0.000000	0.001172
0.000000	-0.000000
0.000000	-0.001168
0.000000	-0.000000
0.000000	0.001168
0.000000	-0.000000
0.000000	-0.001164
0.000000	-0.000000
0.000000	0.001163
0.000000	-0.000000
0.000000	-0.001160
0.000000	-0.000000
0.000000	0.001159
0.000000	0.000000
0.000000	-0.001156
0.000000	-0.000000
0.000000	0.001155
0.000000	0.000000
0.000000	-0.001152
0.000000	-0.000000
0.000000	0.001151
0.000000	0.000000
0.000000	-0.001147
0.000000	0.000000
0.000000	0.001147
0.000000	0.000000
0.000000	-0.001143
0.000000	0.000000
0.000000	0.001143
0.000000	0.000000
0.000000	-0.001139
0.000000	-0.000000
0.000000	0.001138
0.000000	0.000000
0.000000	-0.001135
0.000000	-0.000000
0.000000	0.001134
0.000000	0.000000
0.000000	-0.001131
0.000000	-0.000000
0.000000	0.001130
0.000000	0.000000
0.000000	-0.001127
0.000000	-0.000000
0.000000	0.001126
0.000000	-0.000000
0.000000	-0.001123
0.000000	-0.000000
0.000000	0.001122
0.000000	-0.000000
0.000000	-0.001119
0.000000	-0.000000
0.000000	0.001118
0.000000	0.000000
0.000000	-0.001115
0.000000	-0.000000
0.000000	0.001115
0.000000	0.000000
0.000000	-0.001111
0.000000	-0.000000
0.000000	0.001111
0.000000	0.000000
0.000000	-0.001108
0.000000	-0.000000
0.000000	0.001107
0.000000	0.000000
0.000000	-0.001104
0.000000	0.000000
0.000000	0.001103
0.000000	0.000000
0.000000	-0.001100
0.000000	0.000000
0.000000	0.001099
0.000000	0.000000
0.000000	-0.001096
0.000000	-0.000000
0.000000	0.001095
0.000000	0.000000
0.000000	-0.001092
0.000000	-0.000000
0.000000	0.001092
0.000000	0.000000
0.000000	-0.001089
0.000000	-0.000000
0.000000	0.001088
0.000000	0.000000
0.000000	-0.001085
0.000000	-0.000000
0.000000	0.001084
0.000000	-0.000000
0.000000	-0.001081
0.000000	-0.000000
0.000000	0.001081
0.000000	-0.000000
0.000000	-0.001078
0.000000	-0.000000
0.000000	0.001077
0.000000	0.000000
0.000000	-0.001074
0.000000	-0.000000
0.000000	0.001073
0.000000	0.000000
0.000000	-0.001070
0.000000	-0.000000
0.000000	0.001070
0.000000	0.000000
0.000000	-0.001067
0.000000	-0.000000
0.000000	0.001066
0.000000	0.000000
0.000000	-0.001063
0.000000	0.000000
0.000000	0.001062
0.000000	0.000000
0.000000	-0.001060
0.000000	0.000000
0.000000	0.001059
0.000000	0.000000
0.000000	-0.001056
0.000000	-0.000000
0.000000	0.001055
0.000000	0.000000
0.000000	-0.001053
0.000000	-0.000000
0.000000	0.001052
0.000000	0.000000
0.000000	-0.001049
0.000000	-0.000000
0.000000	0.001048
0.000000	0.000000
0.000000	-0.001046
0.000000	-0.000000
0.000000	0.001045
0.000000	-0.000000
0.000000	-0.001042
0.000000	-0.000000
0.000000	0.001042
0.000000	0.000000
0.000000	-0.001039
0.000000	-0.000000
0.000000	0.001038
0.000000	0.000000
0.000000	-0.001035
0.000000	-0.000000
0.000000	0.001035
0.000000	0.000000
0.000000	-0.001032
0.000000	-0.000000
0.000000	0.001031
0.000000	0.000000
0.000000	-0.001029
0.000000	0.000000
0.000000	0.001028
0.000000	0.000000
0.000000	-0.001025
0.000000	0.000000
0.000000	0.001025
0.000000	0.000000
0.000000	-0.001022
0.000000	-0.000000
0.000000	0.001022
0.000000	0.000000
0.000000	-0.001019
0.000000	-0.000000
0.000000	0.001018
0.000000	0.000000
0.000000	-0.001016
0.000000	-0.000000
0.000000	0.001015
0.000000	0.000000
0.000000	-0.001012
0.000000	-0.000000
0.000000	0.001012
0.000000	-0.000000
0.000000	-0.001009
0.000000	-0.000000
0.000000	0.001009
0.000000	-0.000000
0.000000	-0.001006
0.000000	-0.000000
0.000000	0.001005
0.000000	0.000000
0.000000	-0.001003
0.000000	-0.000000
0.000000	0.001002
0.000000	0.000000
0.000000	-0.001000
0.000000	-0.000000
0.000000	0.000999
0.000000	0.000000
0.000000	-0.000997
0.000000	-0.000000
0.000000	0.000996
0.000000	0.000000
0.000000	-0.000993
0.000000	0.000000
0.000000	0.000993
0.000000	0.000000
0.000000	-0.000990
0.000000	0.000000
0.000000	0.000990
0.000000	0.000000
0.000000	-0.000987
0.000000	-0.000000
0.000000	0.000987
0.000000	0.000000
0.000000	-0.000984
0.000000	-0.000000
0.000000	0.000984
0.000000	0.000000
0.000000	-0.000981
0.000000	-0.000000
0.000000	0.000981
0.000000	0.000000
0.000000	-0.000978
0.000000	-0.000000
0.000000	0.000978
0.000000	0.000000
0.000000	-0.000975
0.000000	0.000000
0.000000	0.000975
0.000000	0.000000
0.000000	-0.000972
0.000000	-0.000000
0.000000	0.000972
0.000000	0.000000
0.000000	-0.000969
0.000000	0.000000
0.000000	0.000969
0.000000	0.000000
0.000000	-0.000966
0.000000	-0.000000
0.000000	0.000966
0.000000	0.000000
0.000000	-0.000963
0.000000	0.000000
0.000000	0.000963
0.000000	0.000000
0.000000	-0.000960
0.000000	-0.000000
0.000000	0.000960
0.000000	-0.000000
0.000000	-0.000958
0.000000	-0.000000
0.000000	0.000957
0.000000	0.000000
0.000000	-0.000955
0.000000	-0.000000
0.000000	0.000954
0.000000	-0.000000
0.000000	-0.000952
0.000000	-0.000000
0.000000	0.000951
0.000000	0.000000
0.000000	-0.000949
0.000000	-0.000000
0.000000	0.000949
0.000000	-0.000000
0.000000	-0.000946
0.000000	-0.000000
0.000000	0.000946
0.000000	0.000000
0.000000	-0.000943
0.000000	0.000000
0.000000	0.000943
0.000000	0.000000
0.000000	-0.000941
0.000000	-0.000000
0.000000	0.000940
0.000000	0.000000
0.000000	-0.000938
0.000000	0.000000
0.000000	0.000937
0.000000	0.000000
0.000000	-0.000935
0.000000	-0.000000
0.000000	0.000935
0.000000	0.000000
0.000000	-0.000932
0.000000	0.000000
0.000000	0.000932
0.000000	0.000000
0.000000	-0.000930
0.000000	-0.000000
0.000000	0.000929
0.000000	-0.000000
0.000000	-0.000927
0.000000	-0.000000
0.000000	0.000926
0.000000	0.000000
0.000000	-0.000924
0.000000	-0.000000
0.000000	0.000924
0.000000	-0.000000
0.000000	-0.000922
0.000000	-0.000000
0.000000	0.000921
0.000000	0.000000
0.000000	-0.000919
0.000000	-0.000000
0.000000	0.000918
0.000000	-0.000000
0.000000	-0.000916
0.000000	-0.000000
0.000000	0.000916
0.000000	0.000000
0.000000	-0.000914
0.000000	0.000000
0.000000	0.000913
0.000000	0.000000
0.000000	-0.000911
0.000000	-0.000000
0.000000	0.000911
0.000000	0.000000
0.000000	-0.000908
0.000000	0.000000
0.000000	0.000908
0.000000	0.000000
0.000000	-0.000906
0.000000	-0.000000
0.000000	0.000905
0.000000	0.000000
0.000000	-0.000903
0.000000	0.000000
0.000000	0.000903
0.000000	0.000000
0.000000	-0.000901
0.000000	-0.000000
0.000000	0.000900
0.000000	-0.000000
0.000000	-0.000898
0.000000	-0.000000
0.000000	0.000898
0.000000	0.000000
0.000000	-0.000896
0.000000	-0.000000
0.000000	0.000895
0.000000	-0.000000
0.000000	-0.000893
0.000000	-0.000000
0.000000	0.000893
0.000000	0.000000
0.000000	-0.000891
0.000000	0.000000
0.000000	0.000890
0.000000	-0.000000
0.000000	-0.000888
0.000000	-0.000000
0.000000	0.000888
0.000000	0.000000
0.000000	-0.000886
0.000000	0.000000
0.000000	0.000885
0.000000	0.000000
0.000000	-0.000883
0.000000	-0.000000
0.000000	0.000883
0.000000	0.000000
0.000000	-0.000881
0.000000	0.000000
0.000000	0.000880
0.000000	0.000000
0.000000	-0.000878
0.000000	-0.000000
0.000000	0.000878
0.000000	-0.000000
0.000000	-0.000876
0.000000	0.000000
0.000000	0.000875
0.000000	0.000000
0.000000	-0.000873
0.000000	-0.000000
0.000000	0.000873
0.000000	-0.000000
0.000000	-0.000871
0.000000	-0.000000
0.000000	0.000871
0.000000	0.000000
0.000000	-0.000869
0.000000	-0.000000
0.000000	0.000868
0.000000	-0.000000
0.000000	-0.000866
0.000000	-0.000000
0.000000	0.000866
0.000000	0.000000
0.000000	-0.000864
0.000000	0.000000
0.000000	0.000864
0.000000	-0.000000
0.000000	-0.000862
0.000000	-0.000000
0.000000	0.000861
0.000000	0.000000
0.000000	-0.000859
0.000000	0.000000
0.000000	0.000859
0.000000	0.000000
0.000000	-0.000857
0.000000	-0.000000
0.000000	0.000857
0.000000	0.000000
0.000000	-0.000855
0.000000	0.000000
0.000000	0.000854
0.000000	0.000000
0.000000	-0.000852
0.000000	-0.000000
0.000000	0.000852
0.000000	-0.000000
0.000000	-0.000850
0.000000	-0.000000
0.000000	0.000850
0.000000	0.000000
0.000000	-0.000848
0.000000	-0.000000
0.000000	0.000847
0.000000	-0.000000
0.000000	-0.000846
0.000000	-0.000000
0.000000	0.000845
0.000000	0.000000
0.000000	-0.000843
0.000000	-0.000000
0.000000	0.000843
0.000000	-0.000000
0.000000	-0.000841
0.000000	-0.000000
0.000000	0.000841
0.000000	0.000000
0.000000	-0.000839
0.000000	0.000000
0.000000	0.000839
0.000000	0.000000
0.000000	-0.000837
0.000000	-0.000000
0.000000	0.000836
0.000000	0.000000
0.000000	-0.000835
0.000000	0.000000
0.000000	0.000834
0.000000	0.000000
0.000000	-0.000832
0.000000	-0.000000
0.000000	0.000832
0.000000	0.000000
0.000000	-0.000830
0.000000	0.000000
0.000000	0.000830
0.000000	0.000000
0.000000	-0.000828
0.000000	-0.000000
0.000000	0.000828
0.000000	-0.000000
0.000000	-0.000826
0.000000	-0.000000
0.000000	0.000826
0.000000	0.000000
0.000000	-0.000824
0.000000	-0.000000
0.000000	0.000823
0.000000	-0.000000
0.000000	-0.000822
0.000000	-0.000000
0.000000	0.000821
0.000000	0.000000
0.000000	-0.000820
0.000000	-0.000000
0.000000	0.000819
0.000000	-0.000000
0.000000	-0.000817
0.000000	-0.000000
0.000000	0.000817
0.000000	0.000000
0.000000	-0.000815
0.000000	0.000000
0.000000	0.000815
0.000000	0.000000
0.000000	-0.000813
0.000000	-0.000000
0.000000	0.000813
0.000000	0.000000
0.000000	-0.000811
0.000000	0.000000
0.000000	0.000811
0.000000	0.000000
0.000000	-0.000809
0.000000	-0.000000
0.000000	0.000809
0.000000	0.000000
0.000000	-0.000807
0.000000	0.000000
0.000000	0.000807
0.000000	0.000000
0.000000	-0.000805
0.000000	-0.000000
0.000000	0.000805
0.000000	-0.000000
0.000000	-0.000803
0.000000	-0.000000
0.000000	0.000803
0.000000	0.000000
0.000000	-0.000801
0.000000	-0.000000
0.000000	0.000801
0.000000	-0.000000
0.000000	-0.000799
0.000000	-0.000000
0.000000	0.000799
0.000000	0.000000
0.000000	-0.000797
0.000000	-0.000000
0.000000	0.000797
0.000000	-0.000000
0.000000	-0.000795
0.000000	-0.000000
0.000000	0.000795
0.000000	0.000000
0.000000	-0.000793
0.000000	0.000000
0.000000	0.000793
0.000000	0.000000
0.000000	-0.000791
0.000000	-0.000000
0.000000	0.000791
0.000000	0.000000
0.000000	-0.000789
0.000000	0.000000
0.000000	0.000789
0.000000	0.000000
0.000000	-0.000787
0.000000	-0.000000
0.000000	0.000787
0.000000	0.000000
0.000000	-0.000785
0.000000	0.000000
0.000000	0.000785
0.000000	0.000000
0.000000	-0.000783
0.000000	-0.000000
0.000000	0.000783
0.000000	-0.000000
0.000000	-0.000781
0.000000	-0.000000
0.000000	0.000781
0.000000	0.000000
0.000000	-0.000779
0.000000	-0.000000
0.000000	0.000779
0.000000	-0.000000
0.000000	-0.000777
0.000000	-0.000000
0.000000	0.000777
0.000000	0.000000
0.000000	-0.000776
0.000000	-0.000000
0.000000	0.000775
0.000000	-0.000000
0.000000	-0.000774
0.000000	-0.000000
0.000000	0.000773
0.000000	0.000000
0.000000	-0.000772
0.000000	0.000000
0.000000	0.000771
0.000000	0.000000
0.000000	-0.000770
0.000000	-0.000000
0.000000	0.000770
0.000000	0.000000
0.000000	-0.000768
0.000000	0.000000
0.000000	0.000768
0.000000	0.000000
0.000000	-0.000766
0.000000	-0.000000
0.000000	0.000766
0.000000	-0.000000
0.000000	-0.000764
0.000000	0.000000
0.000000	0.000764
0.000000	0.000000
0.000000	-0.000763
0.000000	-0.000000
0.000000	0.000762
0.000000	-0.000000
0.000000	-0.000761
0.000000	-0.000000
0.000000	0.000760
0.000000	0.000000
0.000000	-0.000759
0.000000	-0.000000
0.000000	0.000759
0.000000	-0.000000
0.000000	-0.000757
0.000000	-0.000000
0.000000	0.000757
0.000000	0.000000
0.000000	-0.000755
0.000000	0.000000
0.000000	0.000755
0.000000	0.000000
0.000000	-0.000754
0.000000	-0.000000
0.000000	0.000753
0.000000	0.000000
0.000000	-0.000752
0.000000	0.000000
0.000000	0.000751
0.000000	0.000000
0.000000	-0.000750
0.000000	-0.000000
0.000000	0.000750
0.000000	0.000000
0.000000	-0.000748
0.000000	0.000000
0.000000	0.000748
0.000000	0.000000
0.000000	-0.000746
0.000000	-0.000000
0.000000	0.000746
0.000000	-0.000000
0.000000	-0.000745
0.000000	-0.000000
0.000000	0.000744
0.000000	0.000000
0.000000	-0.000743
0.000000	-0.000000
0.000000	0.000743
0.000000	-0.000000
0.000000	-0.000741
0.000000	-0.000000
0.000000	0.000741
0.000000	0.000000
0.000000	-0.000740
0.000000	-0.000000
0.000000	0.000739
0.000000	-0.000000
0.000000	-0.000738
0.000000	-0.000000
0.000000	0.000738
0.000000	0.000000
0.000000	-0.000736
0.000000	0.000000
0.000000	0.000736
0.000000	0.000000
0.000000	-0.000734
0.000000	-0.000000
0.000000	0.000734
0.000000	0.000000
0.000000	-0.000733
0.000000	0.000000
0.000000	0.000732
0.000000	0.000000
0.000000	-0.000731
0.000000	-0.000000
0.000000	0.000731
0.000000	0.000000
0.000000	-0.000729
0.000000	0.000000
0.000000	0.000729
0.000000	0.000000
0.000000	-0.000728
0.000000	-0.000000
0.000000	0.000727
0.000000	-0.000000
0.000000	-0.000726
0.000000	-0.000000
0.000000	0.000726
0.000000	0.000000
0.000000	-0.000724
0.000000	-0.000000
0.000000	0.000724
0.000000	-0.000000
0.000000	-0.000723
0.000000	-0.000000
0.000000	0.000722
0.000000	0.000000
0.000000	-0.000721
0.000000	-0.000000
0.000000	0.000721
0.000000	-0.000000
0.000000	-0.000719
0.000000	-0.000000
0.000000	0.000719
0.000000	0.000000
0.000000	-0.000718
0.000000	0.000000
0.000000	0.000718
0.000000	0.000000
0.000000	-0.000716
0.000000	-0.000000
0.000000	0.000716
0.000000	0.000000
0.000000	-0.000715
0.000000	0.000000
0.000000	0.000714
0.000000	0.000000
0.000000	-0.000713
0.000000	-0.000000
0.000000	0.000713
0.000000	0.000000
0.000000	-0.000711
0.000000	0.000000
0.000000	0.000711
0.000000	0.000000
0.000000	-0.000710
0.000000	-0.000000
0.000000	0.000710
0.000000	-0.000000
0.000000	-0.000708
0.000000	-0.000000
0.000000	0.000708
0.000000	0.000000
0.000000	-0.000707
0.000000	-0.000000
0.000000	0.000706
0.000000	-0.000000
0.000000	-0.000705
0.000000	-0.000000
0.000000	0.000705
0.000000	0.000000
0.000000	-0.000704
0.000000	-0.000000
0.000000	0.000703
0.000000	-0.000000
0.000000	-0.000702
0.000000	-0.000000
0.000000	0.000702
0.000000	0.000000
0.000000	-0.000700
0.000000	0.000000
0.000000	0.000700
0.000000	0.000000
0.000000	-0.000699
0.000000	-0.000000
0.000000	0.000699
0.000000	0.000000
0.000000	-0.000697
0.000000	0.000000
0.000000	0.000697
0.000000	0.000000
0.000000	-0.000696
0.000000	-0.000000
0.000000	0.000696
0.000000	0.000000
0.000000	-0.000694
0.000000	0.000000
0.000000	0.000694
0.000000	0.000000
0.000000	-0.000693
0.000000	-0.000000
0.000000	0.000693
0.000000	-0.000000
0.000000	-0.000691
0.000000	-0.000000
0.000000	0.000691
0.000000	0.000000
0.000000	-0.000690
0.000000	-0.000000
0.000000	0.000690
0.000000	-0.000000
0.000000	-0.000688
0.000000	-0.000000
0.000000	0.000688
0.000000	0.000000
0.000000	-0.000687
0.000000	-0.000000
0.000000	0.000687
0.000000	-0.000000
0.000000	-0.000685
0.000000	-0.000000
0.000000	0.000685
0.000000	0.000000
0.000000	-0.000684
0.000000	0.000000
0.000000	0.000684
0.000000	0.000000
0.000000	-0.000682
0.000000	-0.000000
0.000000	0.000682
0.000000	0.000000
0.000000	-0.000681
0.000000	0.000000
0.000000	0.000681
0.000000	0.000000
0.000000	-0.000680
0.000000	-0.000000
0.000000	0.000679
0.000000	0.000000
0.000000	-0.000678
0.000000	-0.000000
0.000000	0.000678
0.000000	0.000000
0.000000	-0.000677
0.000000	-0.000000
0.000000	0.000676
0.000000	-0.000000
0.000000	-0.000675
0.000000	-0.000000
0.000000	0.000675
0.000000	0.000000
0.000000	-0.000674
0.000000	-0.000000
0.000000	0.000674
0.000000	-0.000000
0.000000	-0.000672
0.000000	-0.000000
0.000000	0.000672
0.000000	0.000000
0.000000	-0.000671
0.000000	-0.000000
0.000000	0.000671
0.000000	0.000000
0.000000	-0.000670
0.000000	-0.000000
0.000000	0.000669
0.000000	0.000000
0.000000	-0.000668
0.000000	0.000000
0.000000	0.000668
0.000000	0.000000
0.000000	-0.000667
0.000000	-0.000000
0.000000	0.000666
0.000000	0.000000
0.000000	-0.000665
0.000000	0.000000
0.000000	0.000665
0.000000	0.000000
0.000000	-0.000664
0.000000	-0.000000
0.000000	0.000664
0.000000	0.000000
0.000000	-0.000663
0.000000	-0.000000
0.000000	0.000662
0.000000	0.000000
0.000000	-0.000661
0.000000	-0.000000
0.000000	0.000661
0.000000	-0.000000
0.000000	-0.000660
0.000000	-0.000000
0.000000	0.000660
0.000000	0.000000
0.000000	-0.000658
0.000000	-0.000000
0.000000	0.000658
0.000000	-0.000000
0.000000	-0.000657
0.000000	-0.000000
0.000000	0.000657
0.000000	0.000000
0.000000	-0.000656
0.000000	0.000000
0.000000	0.000656
0.000000	0.000000
0.000000	-0.000654
0.000000	-0.000000
0.000000	0.000654
0.000000	0.000000
0.000000	-0.000653
0.000000	0.000000
0.000000	0.000653
0.000000	0.000000
0.000000	-0.000652
0.000000	-0.000000
0.000000	0.000651
0.000000	0.000000
0.000000	-0.000650
0.000000	0.000000
0.000000	0.000650
0.000000	0.000000
0.000000	-0.000649
0.000000	-0.000000
0.000000	0.000649
0.000000	-0.000000
0.000000	-0.000648
0.000000	-0.000000
0.000000	0.000648
0.000000	0.000000
0.000000	-0.000646
0.000000	-0.000000
0.000000	0.000646
0.000000	-0.000000
0.000000	-0.000645
0.000000	-0.000000
0.000000	0.000645
0.000000	0.000000
0.000000	-0.000644
0.000000	-0.000000
0.000000	0.000644
0.000000	-0.000000
0.000000	-0.000643
0.000000	-0.000000
0.000000	0.000642
0.000000	0.000000
0.000000	-0.000641
0.000000	0.000000
0.000000	0.000641
0.000000	0.000000
0.000000	-0.000640
0.000000	-0.000000
0.000000	0.000640
0.000000	0.000000
0.000000	-0.000639
0.000000	0.000000
0.000000	0.000638
0.000000	0.000000
0.000000	-0.000637
0.000000	-0.000000
0.000000	0.000637
0.000000	0.000000
0.000000	-0.000636
0.000000	0.000000
0.000000	0.000636
0.000000	0.000000
0.000000	-0.000635
0.000000	-0.000000
0.000000	0.000635
0.000000	-0.000000
0.000000	-0.000634
0.000000	-0.000000
0.000000	0.000633
0.000000	0.000000
0.000000	-0.000632
0.000000	-0.000000
0.000000	0.000632
0.000000	-0.000000
0.000000	-0.000631
0.000000	-0.000000
0.000000	0.000631
0.000000	0.000000
0.000000	-0.000630
0.000000	-0.000000
0.000000	0.000630
0.000000	-0.000000
0.000000	-0.000629
0.000000	-0.000000
0.000000	0.000628
0.000000	0.000000
0.000000	-0.000627
0.000000	0.000000
0.000000	0.000627
0.000000	0.000000
0.000000	-0.000626
0.000000	-0.000000
0.000000	0.000626
0.000000	0.000000
0.000000	-0.000625
0.000000	0.000000
0.000000	0.000625
0.000000	0.000000
0.000000	-0.000624
0.000000	-0.000000
0.000000	0.000623
0.000000	0.000000
0.000000	-0.000622
0.000000	-0.000000
0.000000	0.000622
