4096
0.000000	0.000000
0.498544	-0.038133
-0.052193	0.172877
-0.019862	-0.018249
-0.002256	0.007476
0.001649	-0.002450
-0.000894	0.001892
0.000596	-0.001804
0.000240	0.001050
-0.000181	-0.000623
0.000325	0.000246
-0.000088	-0.000137
0.000022	-0.000017
0.000033	0.000031
-0.000049	0.000002
0.000039	-0.000037
-0.000038	0.000031
0.000036	-0.000010
0.000001	0.000033
0.000004	-0.000020
-0.000007	0.000003
0.000006	0.000005
-0.000014	-0.000000
0.000022	-0.000014
-0.000013	0.000015
-0.000012	-0.000002
0.000006	0.000011
0.000004	-0.000006
-0.000005	-0.000014
0.000002	-0.000008
-0.000002	0.000002
-0.000006	0.000001
0.000001	-0.000001
0.000016	0.000009
-0.000019	0.000002
0.000003	-0.000006
0.000004	0.000008
0.000007	-0.000006
-0.000007	-0.000004
-0.000004	-0.000006
0.000000	-0.000006
0.000001	-0.000006
0.000010	-0.000007
-0.000007	-0.000005
0.000002	-0.000002
0.000001	0.000008
-0.000001	-0.000005
-0.000006	-0.000003
0.000013	0.000010
-0.000003	0.000007
0.000009	0.000002
-0.000013	0.000003
0.000001	-0.000004
0.000002	0.000010
0.000011	-0.000000
-0.000006	0.000003
0.000001	-0.000002
0.000003	0.000005
-0.000009	-0.000003
-0.000009	0.000001
-0.000006	0.000004
-0.000006	-0.000009
-0.000004	-0.000001
-0.000001	-0.000007
-0.000007	-0.000002
0.000004	-0.000009
0.000009	-0.000001
-0.000001	0.000001
0.000006	-0.000000
0.000012	0.000010
0.000003	-0.000012
0.000004	-0.000005
0.000006	0.000010
-0.000004	-0.000005
-0.000001	0.000001
0.000001	0.000005
-0.000008	0.000003
0.000002	0.000005
-0.000007	0.000006
-0.000011	-0.000001
0.000003	-0.000009
0.000003	0.000002
-0.000009	0.000002
-0.000004	-0.000006
-0.000004	0.000010
-0.000006	-0.000010
0.000002	-0.000004
-0.000004	-0.000001
0.000009	-0.000000
0.000005	0.000007
0.000002	-0.000007
0.000003	-0.000001
-0.000001	-0.000000
-0.000000	-0.000005
0.000001	-0.000001
-0.000000	-0.000000
-0.000009	0.000006
0.000006	-0.000008
-0.000006	0.000005
-0.000000	-0.000006
-0.000008	0.000001
0.000001	-0.000005
-0.000001	-0.000002
-0.000004	-0.000001
0.000003	0.000002
-0.000000	-0.000002
-0.000002	0.000001
0.000002	-0.000002
-0.000000	-0.000001
0.000001	0.000001
0.000006	0.000004
-0.000004	0.000006
-0.000005	0.000007
0.000005	0.000000
-0.000002	0.000004
-0.000004	0.000001
-0.000015	-0.000001
-0.000009	-0.000003
-0.000005	0.000001
-0.000003	-0.000001
-0.000007	-0.000002
0.000002	0.000006
0.000001	-0.000000
0.000002	-0.000001
0.000001	0.000000
-0.000004	0.000008
-0.000003	0.000001
-0.000004	-0.000003
0.000003	-0.000004
0.000004	0.000006
-0.000007	-0.000007
-0.000002	-0.000005
0.000002	-0.000000
-0.000002	0.000000
-0.000001	-0.000003
-0.000005	0.000007
-0.000005	0.000003
-0.000006	0.000002
0.000004	0.000007
-0.000006	-0.000008
-0.000008	0.000001
-0.000003	0.000003
0.000002	-0.000004
-0.000002	0.000002
0.000001	-0.000000
-0.000004	0.000010
-0.000011	-0.000001
-0.000001	0.000001
-0.000011	0.000005
0.000003	-0.000006
-0.000007	0.000001
-0.000000	0.000009
-0.000011	0.000000
-0.000007	0.000007
0.000005	0.000009
-0.000005	0.000003
-0.000007	0.000005
0.000004	0.000001
-0.000004	-0.000000
-0.000003	-0.000000
-0.000001	0.000002
-0.000002	0.000005
-0.000002	0.000004
-0.000005	-0.000001
0.000001	0.000002
-0.000001	0.000013
-0.000004	0.000006
-0.000003	0.000004
-0.000005	0.000007
-0.000009	0.000001
-0.000008	0.000004
0.000005	-0.000005
0.000001	0.000005
0.000004	-0.000001
-0.000007	-0.000001
-0.000001	-0.000007
0.000003	0.000007
-0.000008	-0.000002
-0.000005	-0.000006
-0.000002	0.000002
-0.000005	-0.000000
0.000002	0.000007
-0.000011	-0.000002
-0.000001	0.000010
-0.000007	-0.000004
-0.000011	0.000004
-0.000010	0.000004
-0.000012	-0.000008
-0.000005	-0.000002
-0.000006	-0.000006
-0.000007	0.000005
0.000001	0.000007
-0.000001	0.000001
0.000000	0.000007
0.000004	0.000007
-0.000006	0.000005
-0.000001	0.000007
-0.000001	0.000005
-0.000009	0.000003
-0.000006	0.000002
-0.000008	0.000005
0.000002	0.000004
-0.000015	0.000001
-0.000002	0.000000
-0.000010	0.000003
-0.000002	0.000008
-0.000006	0.000007
0.000002	0.000004
-0.000006	-0.000004
-0.000006	0.000007
0.000005	-0.000002
-0.000004	0.000001
-0.000001	-0.000000
-0.000006	0.000006
-0.000008	-0.000005
-0.000003	0.000008
-0.000012	-0.000007
-0.000004	-0.000001
-0.000003	-0.000003
0.000000	-0.000004
-0.000006	0.000006
-0.000006	-0.000004
-0.000012	0.000006
-0.000007	0.000005
-0.000013	0.000005
-0.000012	0.000006
-0.000011	0.000001
-0.000012	0.000005
-0.000013	0.000007
-0.000007	0.000008
-0.000014	0.000011
-0.000006	0.000009
-0.000004	0.000020
-0.000009	0.000021
-0.000009	0.000013
-0.000003	0.000026
-0.000001	0.000018
-0.000001	0.000020
0.000003	0.000015
0.000002	0.000021
0.000009	0.000018
0.000007	0.000016
0.000012	0.000015
0.000011	0.000014
0.000012	0.000010
0.000012	0.000009
0.000012	0.000007
0.000011	0.000006
0.000011	0.000004
0.000010	0.000003
0.000009	0.000002
0.000009	0.000002
0.000008	0.000001
0.000007	0.000001
0.000007	0.000001
0.000006	0.000001
0.000006	0.000001
0.000005	0.000001
0.000005	0.000001
0.000005	0.000001
0.000004	0.000001
0.000004	0.000001
0.000004	0.000001
0.000004	0.000001
0.000004	0.000001
0.000004	0.000001
0.000004	0.000001
0.000003	0.000001
0.000003	0.000001
0.000003	0.000001
0.000003	0.000001
0.000003	0.000001
0.000003	0.000001
0.000003	0.000001
0.000003	0.000001
0.000003	0.000001
0.000003	0.000001
0.000003	0.000001
0.000003	0.000001
0.000002	0.000001
0.000002	0.000001
0.000002	0.000001
0.000002	0.000001
0.000002	0.000000
0.000002	0.000001
0.000002	0.000001
0.000002	0.000001
0.000002	0.000000
0.000002	0.000000
0.000002	0.000001
0.000002	0.000000
0.000002	0.000000
0.000002	0.000000
0.000002	0.000000
0.000002	0.000000
0.000002	0.000000
0.000002	0.000000
0.000002	0.000000
0.000002	0.000000
0.000002	0.000000
0.000002	0.000000
0.000002	0.000000
0.000002	0.000000
0.000002	0.000000
0.000002	0.000000
0.000002	0.000000
0.000002	0.000000
0.000002	0.000000
0.000002	0.000000
0.000002	0.000000
0.000002	0.000000
0.000001	0.000000
0.000001	0.000000
0.000001	0.000000
0.000001	0.000000
0.000001	0.000000
0.000001	0.000000
0.000001	0.000000
0.000001	0.000000
0.000001	0.000000
0.000001	0.000000
0.000001	0.000000
0.000001	0.000000
0.000001	0.000000
0.000001	0.000000
0.000001	0.000000
0.000001	0.000000
0.000001	0.000000
0.000001	0.000000
0.000001	0.000000
0.000001	0.000000
0.000001	0.000000
0.000001	0.000000
0.000001	0.000000
0.000001	0.000000
0.000001	0.000000
0.000001	0.000000
0.000001	0.000000
0.000001	0.000000
0.000001	0.000000
0.000001	0.000000
0.000001	0.000000
0.000001	0.000000
0.000001	0.000000
0.000001	0.000000
0.000001	0.000000
0.000001	0.000000
0.000001	0.000000
0.000001	0.000000
0.000001	0.000000
0.000001	0.000000
0.000001	0.000000
0.000001	0.000000
0.000001	0.000000
0.000001	0.000000
0.000001	0.000000
0.000001	0.000000
0.000001	0.000000
0.000001	0.000000
0.000001	0.000000
0.000001	0.000000
0.000001	0.000000
0.000001	0.000000
0.000001	0.000000
0.000001	0.000000
0.000001	0.000000
0.000001	0.000000
0.000001	0.000000
0.000001	0.000000
0.000001	0.000000
0.000001	0.000000
0.000001	0.000000
0.000001	0.000000
0.000001	0.000000
0.000001	0.000000
0.000001	0.000000
0.000001	0.000000
0.000001	0.000000
0.000001	0.000000
0.000001	0.000000
0.000001	0.000000
0.000001	0.000000
0.000001	0.000000
0.000001	0.000000
0.000001	0.000000
0.000001	0.000000
0.000001	0.000000
0.000001	0.000000
0.000001	0.000000
0.000001	0.000000
0.000001	0.000000
0.000001	0.000000
0.000001	0.000000
0.000001	0.000000
0.000001	0.000000
0.000001	0.000000
0.000001	0.000000
0.000001	0.000000
0.000001	0.000000
0.000001	0.000000
0.000001	0.000000
0.000001	0.000000
0.000001	0.000000
0.000001	0.000000
0.000001	0.000000
0.000001	0.000000
0.000001	0.000000
0.000001	0.000000
0.000001	0.000000
0.000001	0.000000
0.000001	0.000000
0.000001	0.000000
0.000001	0.000000
0.000001	0.000000
0.000001	0.000000
0.000001	0.000000
0.000001	0.000000
0.000001	0.000000
0.000001	0.000000
0.000001	0.000000
0.000001	0.000000
0.000001	0.000000
0.000001	0.000000
0.000001	0.000000
0.000001	0.000000
0.000001	0.000000
0.000001	0.000000
0.000001	0.000000
0.000001	0.000000
0.000001	0.000000
0.000001	0.000000
0.000001	0.000000
0.000001	0.000000
0.000001	0.000000
0.000001	0.000000
0.000001	0.000000
0.000001	0.000000
0.000001	0.000000
0.000001	0.000000
0.000001	0.000000
0.000001	0.000000
0.000001	0.000000
0.000001	0.000000
0.000001	0.000000
0.000001	0.000000
0.000001	0.000000
0.000001	0.000000
0.000001	0.000000
0.000001	0.000000
0.000001	0.000000
0.000001	0.000000
0.000001	0.000000
0.000000	0.000000
0.000001	0.000000
0.000001	0.000000
0.000001	0.000000
0.000000	0.000000
0.000000	0.000000
0.000001	0.000000
0.000000	0.000000
0.000000	0.000000
0.000000	0.000000
0.000000	0.000000
0.000000	0.000000
0.000000	0.000000
0.000000	0.000000
0.000000	0.000000
0.000000	0.000000
0.000000	0.000000
0.000000	0.000000
0.000000	0.000000
0.000000	0.000000
0.000000	0.000000
0.000000	0.000000
0.000000	0.000000
0.000000	0.000000
0.000000	0.000000
0.000000	0.000000
0.000000	0.000000
0.000000	0.000000
0.000000	0.000000
0.000000	0.000000
0.000000	0.000000
0.000000	0.000000
0.000000	0.000000
0.000000	0.000000
0.000000	0.000000
0.000000	0.000000
0.000000	0.000000
0.000000	0.000000
0.000000	0.000000
0.000000	0.000000
0.000000	0.000000
0.000000	0.000000
0.000000	0.000000
0.000000	0.000000
0.000000	0.000000
0.000000	0.000000
0.000000	0.000000
0.000000	0.000000
0.000000	0.000000
0.000000	0.000000
0.000000	0.000000
0.000000	0.000000
0.000000	0.000000
0.000000	0.000000
0.000000	0.000000
0.000000	0.000000
0.000000	0.000000
0.000000	0.000000
0.000000	0.000000
0.000000	0.000000
0.000000	0.000000
0.000000	0.000000
0.000000	0.000000
0.000000	0.000000
0.000000	0.000000
0.000000	0.000000
0.000000	0.000000
0.000000	0.000000
0.000000	0.000000
0.000000	0.000000
0.000000	0.000000
0.000000	0.000000
0.000000	0.000000
0.000000	0.000000
0.000000	0.000000
0.000000	0.000000
0.000000	0.000000
0.000000	0.000000
0.000000	0.000000
0.000000	0.000000
0.000000	0.000000
0.000000	0.000000
0.000000	0.000000
0.000000	0.000000
0.000000	0.000000
0.000000	0.000000
0.000000	0.000000
0.000000	0.000000
0.000000	0.000000
0.000000	0.000000
0.000000	0.000000
0.000000	0.000000
0.000000	0.000000
0.000000	0.000000
0.000000	0.000000
0.000000	0.000000
0.000000	0.000000
0.000000	0.000000
0.000000	0.000000
0.000000	0.000000
0.000000	0.000000
0.000000	0.000000
0.000000	0.000000
0.000000	0.000000
0.000000	0.000000
0.000000	0.000000
0.000000	0.000000
0.000000	0.000000
0.000000	0.000000
0.000000	0.000000
0.000000	0.000000
0.000000	0.000000
0.000000	0.000000
0.000000	0.000000
0.000000	0.000000
0.000000	0.000000
0.000000	0.000000
0.000000	0.000000
0.000000	0.000000
0.000000	0.000000
0.000000	0.000000
0.000000	0.000000
0.000000	0.000000
0.000000	0.000000
0.000000	0.000000
0.000000	0.000000
0.000000	0.000000
0.000000	0.000000
0.000000	0.000000
0.000000	0.000000
0.000000	0.000000
0.000000	0.000000
0.000000	0.000000
0.000000	0.000000
0.000000	0.000000
0.000000	0.000000
0.000000	0.000000
0.000000	0.000000
0.000000	0.000000
0.000000	0.000000
0.000000	0.000000
0.000000	0.000000
0.000000	0.000000
0.000000	0.000000
0.000000	0.000000
0.000000	0.000000
0.000000	0.000000
0.000000	0.000000
0.000000	0.000000
0.000000	0.000000
0.000000	0.000000
0.000000	0.000000
0.000000	0.000000
0.000000	0.000000
0.000000	0.000000
0.000000	0.000000
0.000000	0.000000
0.000000	0.000000
0.000000	0.000000
0.000000	0.000000
0.000000	0.000000
0.000000	0.000000
0.000000	0.000000
0.000000	0.000000
0.000000	0.000000
0.000000	0.000000
0.000000	0.000000
0.000000	0.000000
0.000000	0.000000
0.000000	0.000000
0.000000	0.000000
0.000000	0.000000
0.000000	0.000000
0.000000	0.000000
0.000000	0.000000
0.000000	0.000000
0.000000	0.000000
0.000000	0.000000
0.000000	0.000000
0.000000	0.000000
0.000000	0.000000
0.000000	0.000000
0.000000	0.000000
0.000000	0.000000
0.000000	0.000000
0.000000	0.000000
0.000000	0.000000
0.000000	0.000000
0.000000	0.000000
0.000000	0.000000
0.000000	0.000000
0.000000	0.000000
0.000000	0.000000
0.000000	0.000000
0.000000	0.000000
0.000000	0.000000
0.000000	0.000000
0.000000	0.000000
0.000000	0.000000
0.000000	0.000000
0.000000	0.000000
0.000000	0.000000
0.000000	0.000000
0.000000	0.000000
0.000000	0.000000
0.000000	0.000000
0.000000	0.000000
0.000000	0.000000
0.000000	0.000000
0.000000	0.000000
0.000000	0.000000
0.000000	0.000000
0.000000	0.000000
0.000000	0.000000
0.000000	0.000000
0.000000	0.000000
0.000000	0.000000
0.000000	0.000000
0.000000	0.000000
0.000000	0.000000
0.000000	0.000000
0.000000	0.000000
0.000000	0.000000
0.000000	0.000000
0.000000	0.000000
0.000000	0.000000
0.000000	0.000000
0.000000	0.000000
0.000000	0.000000
0.000000	0.000000
0.000000	0.000000
0.000000	0.000000
0.000000	0.000000
0.000000	0.000000
0.000000	0.000000
0.000000	0.000000
0.000000	0.000000
0.000000	0.000000
0.000000	0.000000
0.000000	0.000000
0.000000	0.000000
0.000000	0.000000
0.000000	0.000000
0.000000	0.000000
0.000000	0.000000
0.000000	0.000000
0.000000	0.000000
0.000000	0.000000
0.000000	0.000000
0.000000	0.000000
0.000000	0.000000
0.000000	0.000000
0.000000	0.000000
0.000000	0.000000
0.000000	0.000000
0.000000	0.000000
0.000000	0.000000
0.000000	0.000000
0.000000	0.000000
0.000000	0.000000
0.000000	0.000000
0.000000	0.000000
0.000000	0.000000
0.000000	0.000000
0.000000	0.000000
0.000000	0.000000
0.000000	0.000000
0.000000	0.000000
0.000000	0.000000
0.000000	0.000000
0.000000	0.000000
0.000000	0.000000
0.000000	0.000000
0.000000	0.000000
0.000000	0.000000
0.000000	0.000000
0.000000	0.000000
0.000000	0.000000
0.000000	0.000000
0.000000	0.000000
0.000000	0.000000
0.000000	0.000000
0.000000	0.000000
0.000000	0.000000
0.000000	0.000000
0.000000	0.000000
0.000000	0.000000
0.000000	0.000000
0.000000	0.000000
0.000000	0.000000
0.000000	0.000000
0.000000	0.000000
0.000000	0.000000
0.000000	0.000000
0.000000	0.000000
0.000000	0.000000
0.000000	0.000000
0.000000	0.000000
0.000000	0.000000
0.000000	0.000000
0.000000	0.000000
0.000000	0.000000
0.000000	0.000000
0.000000	0.000000
0.000000	0.000000
0.000000	0.000000
0.000000	0.000000
0.000000	0.000000
0.000000	0.000000
0.000000	0.000000
0.000000	0.000000
0.000000	0.000000
0.000000	0.000000
0.000000	0.000000
0.000000	0.000000
0.000000	0.000000
0.000000	0.000000
0.000000	0.000000
0.000000	0.000000
0.000000	0.000000
0.000000	0.000000
0.000000	0.000000
0.000000	0.000000
0.000000	0.000000
0.000000	0.000000
0.000000	0.000000
0.000000	0.000000
0.000000	0.000000
0.000000	0.000000
0.000000	0.000000
0.000000	0.000000
0.000000	0.000000
0.000000	0.000000
0.000000	0.000000
0.000000	0.000000
0.000000	0.000000
0.000000	0.000000
0.000000	0.000000
0.000000	0.000000
0.000000	0.000000
0.000000	0.000000
0.000000	0.000000
0.000000	0.000000
0.000000	0.000000
0.000000	0.000000
0.000000	0.000000
0.000000	0.000000
0.000000	0.000000
0.000000	0.000000
0.000000	0.000000
0.000000	0.000000
0.000000	0.000000
0.000000	0.000000
0.000000	0.000000
0.000000	0.000000
0.000000	0.000000
0.000000	0.000000
0.000000	0.000000
0.000000	0.000000
0.000000	0.000000
0.000000	0.000000
0.000000	0.000000
0.000000	0.000000
0.000000	0.000000
0.000000	0.000000
0.000000	0.000000
0.000000	0.000000
0.000000	0.000000
0.000000	0.000000
0.000000	0.000000
0.000000	0.000000
0.000000	0.000000
0.000000	0.000000
0.000000	0.000000
0.000000	0.000000
0.000000	0.000000
0.000000	0.000000
0.000000	0.000000
0.000000	0.000000
0.000000	0.000000
0.000000	0.000000
0.000000	0.000000
0.000000	0.000000
0.000000	0.000000
0.000000	0.000000
0.000000	0.000000
0.000000	0.000000
0.000000	0.000000
0.000000	0.000000
0.000000	0.000000
0.000000	0.000000
0.000000	0.000000
0.000000	0.000000
0.000000	0.000000
0.000000	0.000000
0.000000	0.000000
0.000000	0.000000
0.000000	0.000000
0.000000	0.000000
0.000000	0.000000
0.000000	0.000000
0.000000	0.000000
0.000000	0.000000
0.000000	0.000000
0.000000	0.000000
0.000000	0.000000
0.000000	0.000000
0.000000	0.000000
0.000000	0.000000
0.000000	0.000000
0.000000	0.000000
0.000000	0.000000
0.000000	0.000000
0.000000	0.000000
0.000000	0.000000
0.000000	0.000000
0.000000	0.000000
0.000000	0.000000
0.000000	0.000000
0.000000	0.000000
0.000000	0.000000
0.000000	0.000000
0.000000	0.000000
0.000000	0.000000
0.000000	0.000000
0.000000	0.000000
0.000000	0.000000
0.000000	0.000000
0.000000	0.000000
0.000000	0.000000
0.000000	0.000000
0.000000	0.000000
0.000000	0.000000
0.000000	0.000000
0.000000	0.000000
0.000000	0.000000
0.000000	0.000000
0.000000	0.000000
0.000000	0.000000
0.000000	0.000000
0.000000	0.000000
0.000000	0.000000
0.000000	0.000000
0.000000	0.000000
0.000000	0.000000
0.000000	0.000000
0.000000	0.000000
0.000000	0.000000
0.000000	0.000000
0.000000	0.000000
0.000000	0.000000
0.000000	0.000000
0.000000	0.000000
0.000000	0.000000
0.000000	0.000000
0.000000	0.000000
0.000000	0.000000
0.000000	0.000000
0.000000	0.000000
0.000000	0.000000
0.000000	0.000000
0.000000	0.000000
0.000000	0.000000
0.000000	0.000000
0.000000	0.000000
0.000000	0.000000
0.000000	0.000000
0.000000	0.000000
0.000000	0.000000
0.000000	0.000000
0.000000	0.000000
0.000000	0.000000
0.000000	0.000000
0.000000	0.000000
0.000000	0.000000
0.000000	0.000000
0.000000	0.000000
0.000000	0.000000
0.000000	0.000000
0.000000	0.000000
0.000000	0.000000
0.000000	0.000000
0.000000	0.000000
0.000000	0.000000
0.000000	0.000000
0.000000	0.000000
0.000000	0.000000
0.000000	0.000000
0.000000	0.000000
0.000000	0.000000
0.000000	0.000000
0.000000	0.000000
0.000000	0.000000
0.000000	0.000000
0.000000	0.000000
0.000000	0.000000
0.000000	0.000000
0.000000	0.000000
0.000000	0.000000
0.000000	0.000000
0.000000	0.000000
0.000000	0.000000
0.000000	0.000000
0.000000	0.000000
0.000000	0.000000
0.000000	0.000000
0.000000	0.000000
0.000000	0.000000
0.000000	0.000000
0.000000	0.000000
0.000000	0.000000
0.000000	0.000000
0.000000	0.000000
0.000000	0.000000
0.000000	0.000000
0.000000	0.000000
0.000000	0.000000
0.000000	0.000000
0.000000	0.000000
0.000000	0.000000
0.000000	0.000000
0.000000	0.000000
0.000000	0.000000
0.000000	0.000000
0.000000	0.000000
0.000000	0.000000
0.000000	0.000000
0.000000	0.000000
0.000000	0.000000
0.000000	0.000000
0.000000	0.000000
0.000000	0.000000
0.000000	0.000000
0.000000	0.000000
0.000000	0.000000
0.000000	0.000000
0.000000	0.000000
0.000000	0.000000
0.000000	0.000000
0.000000	0.000000
0.000000	0.000000
0.000000	0.000000
0.000000	0.000000
0.000000	0.000000
0.000000	0.000000
0.000000	0.000000
0.000000	0.000000
0.000000	0.000000
0.000000	0.000000
0.000000	0.000000
0.000000	0.000000
0.000000	0.000000
0.000000	0.000000
0.000000	0.000000
0.000000	0.000000
0.000000	0.000000
0.000000	0.000000
0.000000	0.000000
0.000000	0.000000
0.000000	0.000000
0.000000	0.000000
0.000000	0.000000
0.000000	0.000000
0.000000	0.000000
0.000000	0.000000
0.000000	0.000000
0.000000	0.000000
0.000000	0.000000
0.000000	0.000000
0.000000	0.000000
0.000000	0.000000
0.000000	0.000000
0.000000	0.000000
0.000000	-0.000000
0.000000	0.000000
0.000000	0.000000
0.000000	0.000000
0.000000	0.000000
0.000000	0.000000
0.000000	0.000000
0.000000	0.000000
0.000000	0.000000
0.000000	0.000000
0.000000	0.000000
0.000000	0.000000
0.000000	0.000000
0.000000	0.000000
0.000000	0.000000
0.000000	0.000000
0.000000	0.000000
0.000000	0.000000
0.000000	-0.000000
0.000000	0.000000
0.000000	0.000000
0.000000	0.000000
0.000000	0.000000
0.000000	0.000000
0.000000	0.000000
0.000000	0.000000
0.000000	0.000000
0.000000	0.000000
0.000000	0.000000
0.000000	0.000000
0.000000	-0.000000
0.000000	0.000000
0.000000	0.000000
0.000000	-0.000000
0.000000	-0.000000
0.000000	0.000000
0.000000	0.000000
0.000000	0.000000
0.000000	-0.000000
0.000000	0.000000
0.000000	0.000000
0.000000	0.000000
0.000000	0.000000
0.000000	0.000000
0.000000	0.000000
0.000000	0.000000
0.000000	0.000000
0.000000	0.000000
0.000000	0.000000
0.000000	0.000000
0.000000	0.000000
0.000000	0.000000
0.000000	0.000000
0.000000	0.000000
0.000000	0.000000
0.000000	0.000000
0.000000	0.000000
0.000000	0.000000
0.000000	0.000000
0.000000	0.000000
0.000000	0.000000
0.000000	0.000000
0.000000	0.000000
0.000000	0.000000
0.000000	0.000000
0.000000	0.000000
0.000000	0.000000
0.000000	0.000000
0.000000	0.000000
0.000000	0.000000
0.000000	0.000000
0.000000	0.000000
0.000000	0.000000
0.000000	0.000000
0.000000	0.000000
0.000000	0.000000
0.000000	0.000000
0.000000	0.000000
0.000000	0.000000
0.000000	0.000000
0.000000	0.000000
0.000000	0.000000
0.000000	0.000000
0.000000	0.000000
0.000000	0.000000
0.000000	0.000000
0.000000	0.000000
0.000000	0.000000
0.000000	0.000000
0.000000	0.000000
0.000000	0.000000
0.000000	0.000000
0.000000	0.000000
0.000000	0.000000
0.000000	0.000000
0.000000	0.000000
0.000000	0.000000
0.000000	0.000000
0.000000	0.000000
0.000000	0.000000
0.000000	0.000000
0.000000	0.000000
0.000000	0.000000
0.000000	0.000000
0.000000	0.000000
0.000000	0.000000
0.000000	0.000000
0.000000	0.000000
0.000000	0.000000
0.000000	0.000000
0.000000	0.000000
0.000000	0.000000
0.000000	0.000000
0.000000	0.000000
0.000000	0.000000
0.000000	0.000000
0.000000	0.000000
0.000000	0.000000
0.000000	0.000000
0.000000	0.000000
0.000000	0.000000
0.000000	0.000000
0.000000	0.000000
0.000000	0.000000
0.000000	0.000000
0.000000	0.000000
0.000000	0.000000
0.000000	0.000000
0.000000	0.000000
0.000000	0.000000
0.000000	0.000000
0.000000	0.000000
0.000000	0.000000
0.000000	0.000000
0.000000	0.000000
0.000000	0.000000
0.000000	0.000000
0.000000	0.000000
0.000000	0.000000
0.000000	0.000000
0.000000	0.000000
0.000000	0.000000
0.000000	0.000000
0.000000	0.000000
0.000000	0.000000
0.000000	0.000000
0.000000	0.000000
0.000000	0.000000
0.000000	0.000000
0.000000	0.000000
0.000000	0.000000
0.000000	0.000000
0.000000	0.000000
0.000000	0.000000
0.000000	0.000000
0.000000	0.000000
0.000000	0.000000
0.000000	0.000000
0.000000	0.000000
0.000000	0.000000
0.000000	0.000000
0.000000	0.000000
0.000000	0.000000
0.000000	0.000000
0.000000	0.000000
0.000000	0.000000
0.000000	0.000000
0.000000	0.000000
0.000000	0.000000
0.000000	0.000000
0.000000	-0.000000
0.000000	0.000000
0.000000	0.000000
0.000000	0.000000
0.000000	0.000000
0.000000	0.000000
0.000000	0.000000
0.000000	0.000000
0.000000	0.000000
0.000000	0.000000
0.000000	0.000000
0.000000	0.000000
0.000000	0.000000
0.000000	0.000000
0.000000	0.000000
0.000000	0.000000
0.000000	0.000000
0.000000	0.000000
0.000000	0.000000
0.000000	0.000000
0.000000	-0.000000
0.000000	0.000000
0.000000	0.000000
0.000000	0.000000
0.000000	0.000000
0.000000	0.000000
0.000000	0.000000
0.000000	0.000000
0.000000	0.000000
0.000000	0.000000
0.000000	0.000000
0.000000	0.000000
0.000000	0.000000
0.000000	0.000000
0.000000	0.000000
0.000000	0.000000
0.000000	0.000000
0.000000	0.000000
0.000000	0.000000
0.000000	0.000000
0.000000	0.000000
0.000000	0.000000
0.000000	0.000000
0.000000	0.000000
0.000000	0.000000
0.000000	0.000000
0.000000	0.000000
0.000000	0.000000
0.000000	0.000000
0.000000	0.000000
0.000000	0.000000
0.000000	0.000000
0.000000	0.000000
0.000000	0.000000
0.000000	0.000000
0.000000	0.000000
0.000000	0.000000
0.000000	0.000000
0.000000	0.000000
0.000000	0.000000
0.000000	-0.000000
0.000000	0.000000
0.000000	0.000000
0.000000	0.000000
0.000000	0.000000
0.000000	0.000000
0.000000	0.000000
0.000000	0.000000
0.000000	0.000000
0.000000	0.000000
0.000000	0.000000
0.000000	0.000000
0.000000	0.000000
0.000000	0.000000
0.000000	0.000000
0.000000	0.000000
0.000000	0.000000
0.000000	0.000000
0.000000	0.000000
0.000000	0.000000
0.000000	0.000000
0.000000	0.000000
0.000000	0.000000
0.000000	0.000000
0.000000	-0.000000
0.000000	0.000000
0.000000	0.000000
0.000000	0.000000
0.000000	0.000000
0.000000	0.000000
0.000000	0.000000
0.000000	0.000000
0.000000	0.000000
0.000000	0.000000
0.000000	0.000000
0.000000	0.000000
0.000000	0.000000
0.000000	0.000000
0.000000	0.000000
0.000000	0.000000
0.000000	0.000000
0.000000	0.000000
0.000000	0.000000
0.000000	0.000000
0.000000	0.000000
0.000000	0.000000
0.000000	0.000000
0.000000	0.000000
0.000000	0.000000
0.000000	0.000000
0.000000	0.000000
0.000000	0.000000
0.000000	0.000000
0.000000	0.000000
0.000000	0.000000
0.000000	0.000000
0.000000	-0.000000
0.000000	0.000000
0.000000	0.000000
0.000000	0.000000
0.000000	0.000000
0.000000	0.000000
0.000000	0.000000
0.000000	0.000000
0.000000	0.000000
0.000000	0.000000
0.000000	0.000000
0.000000	0.000000
0.000000	0.000000
0.000000	0.000000
0.000000	0.000000
0.000000	0.000000
0.000000	0.000000
0.000000	0.000000
0.000000	0.000000
0.000000	0.000000
0.000000	0.000000
0.000000	0.000000
0.000000	0.000000
0.000000	0.000000
0.000000	-0.000000
0.000000	0.000000
0.000000	0.000000
0.000000	0.000000
0.000000	-0.000000
0.000000	0.000000
0.000000	0.000000
0.000000	0.000000
0.000000	-0.000000
0.000000	0.000000
0.000000	0.000000
0.000000	0.000000
0.000000	0.000000
0.000000	0.000000
0.000000	0.000000
0.000000	0.000000
0.000000	0.000000
0.000000	0.000000
0.000000	0.000000
0.000000	0.000000
0.000000	0.000000
0.000000	0.000000
0.000000	0.000000
0.000000	0.000000
0.000000	0.000000
0.000000	0.000000
0.000000	0.000000
0.000000	0.000000
0.000000	0.000000
0.000000	0.000000
0.000000	0.000000
0.000000	0.000000
0.000000	0.000000
0.000000	0.000000
0.000000	0.000000
0.000000	0.000000
0.000000	0.000000
0.000000	0.000000
0.000000	0.000000
0.000000	0.000000
0.000000	0.000000
0.000000	0.000000
0.000000	0.000000
0.000000	0.000000
0.000000	0.000000
0.000000	0.000000
0.000000	0.000000
0.000000	0.000000
0.000000	0.000000
0.000000	0.000000
0.000000	0.000000
0.000000	0.000000
0.000000	0.000000
0.000000	0.000000
0.000000	0.000000
0.000000	0.000000
0.000000	-0.000000
0.000000	0.000000
0.000000	0.000000
0.000000	0.000000
0.000000	0.000000
0.000000	0.000000
0.000000	0.000000
0.000000	0.000000
0.000000	0.000000
0.000000	0.000000
0.000000	0.000000
0.000000	0.000000
0.000000	-0.000000
0.000000	0.000000
0.000000	0.000000
0.000000	0.000000
0.000000	-0.000000
0.000000	0.000000
0.000000	0.000000
0.000000	0.000000
0.000000	0.000000
0.000000	0.000000
0.000000	0.000000
0.000000	0.000000
0.000000	-0.000000
0.000000	0.000000
0.000000	0.000000
0.000000	0.000000
0.000000	0.000000
0.000000	0.000000
0.000000	0.000000
0.000000	0.000000
0.000000	0.000000
0.000000	0.000000
0.000000	0.000000
0.000000	0.000000
0.000000	0.000000
0.000000	0.000000
0.000000	0.000000
0.000000	-0.000000
0.000000	0.000000
0.000000	0.000000
0.000000	0.000000
0.000000	0.000000
0.000000	0.000000
0.000000	0.000000
0.000000	0.000000
0.000000	0.000000
0.000000	0.000000
0.000000	0.000000
0.000000	0.000000
0.000000	0.000000
0.000000	0.000000
0.000000	0.000000
0.000000	0.000000
0.000000	0.000000
0.000000	0.000000
0.000000	0.000000
0.000000	0.000000
0.000000	0.000000
0.000000	-0.000000
0.000000	0.000000
0.000000	0.000000
0.000000	-0.000000
0.000000	-0.000000
0.000000	0.000000
0.000000	0.000000
0.000000	-0.000000
0.000000	0.000000
0.000000	0.000000
0.000000	0.000000
0.000000	0.000000
0.000000	-0.000000
0.000000	0.000000
0.000000	0.000000
0.000000	0.000000
0.000000	0.000000
0.000000	0.000000
0.000000	0.000000
0.000000	0.000000
0.000000	0.000000
0.000000	0.000000
0.000000	0.000000
0.000000	-0.000000
0.000000	-0.000000
0.000000	0.000000
0.000000	0.000000
0.000000	0.000000
0.000000	0.000000
0.000000	0.000000
0.000000	0.000000
0.000000	0.000000
0.000000	-0.000000
0.000000	0.000000
0.000000	0.000000
0.000000	0.000000
0.000000	-0.000000
0.000000	0.000000
0.000000	0.000000
0.000000	0.000000
0.000000	-0.000000
0.000000	0.000000
0.000000	0.000000
0.000000	0.000000
0.000000	-0.000000
0.000000	0.000000
0.000000	0.000000
0.000000	0.000000
0.000000	-0.000000
0.000000	0.000000
0.000000	0.000000
0.000000	0.000000
0.000000	0.000000
0.000000	0.000000
0.000000	0.000000
0.000000	0.000000
0.000000	0.000000
0.000000	0.000000
0.000000	0.000000
0.000000	0.000000
0.000000	0.000000
0.000000	0.000000
0.000000	0.000000
0.000000	0.000000
0.000000	0.000000
0.000000	0.000000
0.000000	0.000000
0.000000	0.000000
0.000000	-0.000000
0.000000	0.000000
0.000000	0.000000
0.000000	0.000000
0.000000	0.000000
0.000000	0.000000
0.000000	0.000000
0.000000	0.000000
0.000000	-0.000000
0.000000	0.000000
0.000000	0.000000
0.000000	0.000000
0.000000	-0.000000
0.000000	0.000000
0.000000	0.000000
0.000000	0.000000
0.000000	-0.000000
0.000000	0.000000
0.000000	-0.000000
0.000000	0.000000
0.000000	0.000000
0.000000	0.000000
0.000000	0.000000
0.000000	0.000000
0.000000	0.000000
0.000000	0.000000
0.000000	0.000000
0.000000	0.000000
0.000000	0.000000
0.000000	0.000000
0.000000	0.000000
0.000000	-0.000000
0.000000	-0.000000
0.000000	0.000000
0.000000	0.000000
0.000000	0.000000
0.000000	-0.000000
0.000000	0.000000
0.000000	0.000000
0.000000	0.000000
0.000000	-0.000000
0.000000	0.000000
0.000000	0.000000
0.000000	0.000000
0.000000	-0.000000
0.000000	0.000000
0.000000	0.000000
0.000000	0.000000
0.000000	-0.000000
0.000000	0.000000
0.000000	0.000000
0.000000	0.000000
0.000000	0.000000
0.000000	0.000000
0.000000	0.000000
0.000000	0.000000
0.000000	-0.000000
0.000000	0.000000
0.000000	0.000000
0.000000	-0.000000
0.000000	0.000000
0.000000	0.000000
0.000000	0.000000
0.000000	0.000000
0.000000	-0.000000
0.000000	-0.000000
0.000000	0.000000
0.000000	-0.000000
0.000000	-0.000000
0.000000	0.000000
0.000000	0.000000
0.000000	-0.000000
0.000000	-0.000000
0.000000	0.000000
0.000000	0.000000
0.000000	0.000000
0.000000	0.000000
0.000000	0.000000
0.000000	0.000000
0.000000	0.000000
0.000000	-0.000000
0.000000	0.000000
0.000000	0.000000
0.000000	0.000000
0.000000	-0.000000
0.000000	0.000000
0.000000	0.000000
0.000000	0.000000
0.000000	-0.000000
0.000000	0.000000
0.000000	0.000000
0.000000	0.000000
0.000000	-0.000000
0.000000	0.000000
0.000000	0.000000
0.000000	0.000000
0.000000	0.000000
0.000000	0.000000
0.000000	0.000000
0.000000	0.000000
0.000000	0.000000
0.000000	0.000000
0.000000	0.000000
0.000000	-0.000000
0.000000	-0.000000
0.000000	0.000000
0.000000	0.000000
0.000000	0.000000
0.000000	0.000000
0.000000	0.000000
0.000000	0.000000
0.000000	0.000000
0.000000	-0.000000
0.000000	0.000000
0.000000	0.000000
0.000000	0.000000
0.000000	-0.000000
0.000000	0.000000
0.000000	0.000000
0.000000	0.000000
0.000000	-0.000000
0.000000	-0.000000
0.000000	0.000000
0.000000	0.000000
0.000000	-0.000000
0.000000	0.000000
0.000000	0.000000
0.000000	0.000000
0.000000	-0.000000
0.000000	0.000000
0.000000	0.000000
0.000000	0.000000
0.000000	-0.000000
0.000000	0.000000
0.000000	0.000000
0.000000	0.000000
0.000000	0.000000
0.000000	0.000000
0.000000	0.000000
0.000000	0.000000
0.000000	-0.000000
0.000000	0.000000
0.000000	0.000000
0.000000	0.000000
0.000000	0.000000
0.000000	0.000000
0.000000	0.000000
0.000000	0.000000
0.000000	-0.000000
0.000000	0.000000
0.000000	0.000000
0.000000	0.000000
0.000000	-0.000000
0.000000	0.000000
0.000000	0.000000
0.000000	0.000000
0.000000	0.000000
0.000000	0.000000
0.000000	0.000000
0.000000	0.000000
0.000000	-0.000000
0.000000	0.000000
0.000000	0.000000
0.000000	0.000000
0.000000	0.000000
0.000000	0.000000
0.000000	0.000000
0.000000	-0.000000
0.000000	-0.000000
0.000000	-0.000000
0.000000	0.000000
0.000000	0.000000
0.000000	-0.000000
0.000000	0.000000
0.000000	0.000000
0.000000	0.000000
0.000000	-0.000000
0.000000	0.000000
0.000000	0.000000
0.000000	0.000000
0.000000	-0.000000
0.000000	0.000000
0.000000	0.000000
0.000000	0.000000
0.000000	-0.000000
0.000000	0.000000
0.000000	0.000000
0.000000	0.000000
0.000000	-0.000000
0.000000	0.000000
0.000000	0.000000
0.000000	-0.000000
0.000000	0.000000
0.000000	0.000000
0.000000	0.000000
0.000000	0.000000
0.000000	-0.000000
0.000000	-0.000000
0.000000	0.000000
0.000000	0.000000
0.000000	0.000000
0.000000	0.000000
0.000000	0.000000
0.000000	0.000000
0.000000	-0.000000
0.000000	0.000000
0.000000	0.000000
0.000000	0.000000
0.000000	0.000000
0.000000	0.000000
0.000000	0.000000
0.000000	0.000000
0.000000	-0.000000
0.000000	0.000000
0.000000	0.000000
0.000000	0.000000
0.000000	-0.000000
0.000000	0.000000
0.000000	0.000000
0.000000	0.000000
0.000000	-0.000000
0.000000	0.000000
0.000000	0.000000
0.000000	0.000000
0.000000	-0.000000
0.000000	0.000000
0.000000	0.000000
0.000000	0.000000
0.000000	-0.000000
0.000000	0.000000
0.000000	0.000000
0.000000	0.000000
0.000000	0.000000
0.000000	0.000000
0.000000	0.000000
0.000000	0.000000
0.000000	-0.000000
0.000000	0.000000
0.000000	0.000000
0.000000	-0.000000
0.000000	-0.000000
0.000000	0.000000
0.000000	0.000000
0.000000	0.000000
0.000000	-0.000000
0.000000	0.000000
0.000000	0.000000
0.000000	0.000000
0.000000	-0.000000
0.000000	0.000000
0.000000	0.000000
0.000000	0.000000
0.000000	-0.000000
0.000000	0.000000
0.000000	0.000000
0.000000	0.000000
0.000000	0.000000
0.000000	0.000000
0.000000	0.000000
0.000000	0.000000
0.000000	-0.000000
0.000000	0.000000
0.000000	0.000000
0.000000	0.000000
0.000000	-0.000000
0.000000	0.000000
0.000000	0.000000
0.000000	0.000000
0.000000	-0.000000
0.000000	0.000000
0.000000	0.000000
0.000000	-0.000000
0.000000	-0.000000
0.000000	0.000000
0.000000	0.000000
0.000000	0.000000
0.000000	-0.000000
0.000000	0.000000
0.000000	0.000000
0.000000	-0.000000
0.000000	-0.000000
0.000000	0.000000
0.000000	0.000000
0.000000	0.000000
0.000000	-0.000000
0.000000	0.000000
0.000000	0.000000
0.000000	0.000000
0.000000	-0.000000
0.000000	0.000000
0.000000	0.000000
0.000000	0.000000
0.000000	-0.000000
0.000000	0.000000
0.000000	0.000000
0.000000	0.000000
0.000000	-0.000000
0.000000	-0.000000
0.000000	0.000000
0.000000	0.000000
0.000000	-0.000000
0.000000	0.000000
0.000000	0.000000
0.000000	0.000000
0.000000	-0.000000
0.000000	0.000000
0.000000	0.000000
0.000000	0.000000
0.000000	0.000000
0.000000	0.000000
0.000000	0.000000
0.000000	0.000000
0.000000	-0.000000
0.000000	0.000000
0.000000	0.000000
0.000000	0.000000
0.000000	0.000000
0.000000	0.000000
0.000000	0.000000
0.000000	0.000000
0.000000	-0.000000
0.000000	0.000000
0.000000	0.000000
0.000000	-0.000000
0.000000	-0.000000
0.000000	0.000000
0.000000	0.000000
0.000000	0.000000
0.000000	-0.000000
0.000000	0.000000
0.000000	0.000000
0.000000	0.000000
0.000000	-0.000000
0.000000	0.000000
0.000000	0.000000
0.000000	0.000000
0.000000	-0.000000
0.000000	0.000000
0.000000	0.000000
0.000000	0.000000
0.000000	-0.000000
0.000000	-0.000000
0.000000	0.000000
0.000000	0.000000
0.000000	-0.000000
0.000000	0.000000
0.000000	0.000000
0.000000	0.000000
0.000000	-0.000000
0.000000	0.000000
0.000000	0.000000
0.000000	-0.000000
0.000000	0.000000
0.000000	-0.000000
0.000000	0.000000
0.000000	0.000000
0.000000	-0.000000
0.000000	0.000000
0.000000	0.000000
0.000000	-0.000000
0.000000	-0.000000
0.000000	-0.000000
0.000000	0.000000
0.000000	0.000000
0.000000	0.000000
0.000000	0.000000
0.000000	0.000000
0.000000	-0.000000
0.000000	-0.000000
0.000000	0.000000
0.000000	0.000000
0.000000	0.000000
0.000000	-0.000000
0.000000	-0.000000
0.000000	0.000000
0.000000	-0.000000
0.000000	-0.000000
0.000000	0.000000
0.000000	0.000000
0.000000	0.000000
0.000000	-0.000000
0.000000	-0.000000
0.000000	0.000000
0.000000	-0.000000
0.000000	-0.000000
0.000000	0.000000
0.000000	0.000000
0.000000	0.000000
0.000000	-0.000000
0.000000	0.000000
0.000000	0.000000
0.000000	-0.000000
0.000000	-0.000000
0.000000	0.000000
0.000000	0.000000
0.000000	-0.000000
0.000000	-0.000000
0.000000	-0.000000
0.000000	0.000000
0.000000	0.000000
0.000000	0.000000
0.000000	0.000000
0.000000	0.000000
0.000000	-0.000000
0.000000	-0.000000
0.000000	-0.000000
0.000000	0.000000
0.000000	0.000000
0.000000	-0.000000
0.000000	-0.000000
0.000000	0.000000
0.000000	0.000000
0.000000	-0.000000
0.000000	0.000000
0.000000	0.000000
0.000000	0.000000
0.000000	0.000000
0.000000	0.000000
0.000000	0.000000
0.000000	0.000000
0.000000	-0.000000
0.000000	0.000000
0.000000	0.000000
0.000000	0.000000
0.000000	-0.000000
0.000000	0.000000
0.000000	0.000000
0.000000	0.000000
0.000000	-0.000000
0.000000	0.000000
0.000000	0.000000
0.000000	-0.000000
0.000000	-0.000000
0.000000	0.000000
0.000000	0.000000
0.000000	0.000000
0.000000	-0.000000
0.000000	-0.000000
0.000000	-0.000000
0.000000	0.000000
0.000000	-0.000000
0.000000	0.000000
0.000000	0.000000
0.000000	0.000000
0.000000	-0.000000
0.000000	0.000000
0.000000	0.000000
0.000000	0.000000
0.000000	-0.000000
0.000000	-0.000000
0.000000	-0.000000
0.000000	0.000000
0.000000	-0.000000
0.000000	0.000000
0.000000	0.000000
0.000000	0.000000
0.000000	-0.000000
0.000000	0.000000
0.000000	0.000000
0.000000	0.000000
0.000000	-0.000000
0.000000	0.000000
0.000000	0.000000
0.000000	0.000000
0.000000	-0.000000
0.000000	-0.000000
0.000000	0.000000
0.000000	-0.000000
0.000000	-0.000000
0.000000	-0.000000
0.000000	0.000000
0.000000	0.000000
0.000000	-0.000000
0.000000	0.000000
0.000000	0.000000
0.000000	0.000000
0.000000	-0.000000
0.000000	0.000000
0.000000	0.000000
0.000000	0.000000
0.000000	0.000000
0.000000	0.000000
0.000000	0.000000
0.000000	0.000000
0.000000	-0.000000
0.000000	0.000000
0.000000	0.000000
0.000000	0.000000
0.000000	-0.000000
0.000000	0.000000
0.000000	0.000000
0.000000	0.000000
0.000000	-0.000000
0.000000	-0.000000
0.000000	0.000000
0.000000	0.000000
0.000000	-0.000000
0.000000	-0.000000
0.000000	0.000000
0.000000	-0.000000
0.000000	-0.000000
0.000000	-0.000000
0.000000	0.000000
0.000000	-0.000000
0.000000	-0.000000
0.000000	-0.000000
0.000000	0.000000
0.000000	-0.000000
0.000000	-0.000000
0.000000	-0.000000
0.000000	0.000000
0.000000	0.000000
0.000000	-0.000000
0.000000	0.000000
0.000000	0.000000
0.000000	-0.000000
0.000000	-0.000000
0.000000	-0.000000
0.000000	0.000000
0.000000	0.000000
0.000000	-0.000000
0.000000	-0.000000
0.000000	0.000000
0.000000	-0.000000
0.000000	-0.000000
0.000000	-0.000000
0.000000	0.000000
0.000000	0.000000
0.000000	-0.000000
