4096
0.000000	0.000000
-0.298519	0.196789
-0.438701	0.239878
0.029934	-0.046114
-0.012820	0.137313
0.013610	0.004485
-0.002967	-0.007303
0.002248	0.007059
0.004200	-0.000446
-0.001483	0.004374
-0.000086	-0.004755
0.002181	-0.000458
0.000517	-0.000178
-0.000966	-0.001408
-0.000483	-0.000337
-0.000341	-0.000285
-0.000472	0.000833
-0.000503	0.000045
0.000189	0.000018
0.000230	0.000476
-0.000165	0.000048
0.000085	0.000009
0.000132	0.000019
0.000090	0.000137
0.000074	0.000051
0.000121	-0.000088
0.000163	0.000013
-0.000024	-0.000037
0.000020	-0.000110
0.000031	-0.000034
-0.000052	0.000032
-0.000024	-0.000010
-0.000016	0.000000
0.000031	0.000008
-0.000014	0.000012
-0.000013	-0.000003
0.000028	0.000004
0.000003	0.000034
-0.000004	0.000000
0.000024	0.000023
0.000030	0.000007
0.000014	-0.000000
0.000011	0.000006
0.000019	-0.000015
0.000017	0.000014
0.000003	-0.000015
0.000013	-0.000010
0.000009	0.000004
0.000008	-0.000007
0.000007	-0.000008
0.000002	-0.000008
0.000010	0.000004
0.000001	-0.000002
0.000004	-0.000006
0.000008	0.000007
-0.000009	-0.000003
0.000008	0.000004
0.000005	0.000002
0.000000	0.000003
0.000005	0.000001
0.000010	-0.000000
0.000007	-0.000001
0.000004	0.000003
0.000008	0.000003
0.000009	0.000002
0.000003	0.000002
0.000003	-0.000002
0.000001	-0.000003
0.000008	0.000001
0.000007	-0.000005
0.000003	-0.000001
0.000007	-0.000001
0.000006	-0.000004
0.000007	-0.000005
0.000004	0.000001
0.000004	0.000007
0.000000	-0.000000
0.000007	0.000000
0.000000	-0.000008
0.000004	-0.000000
0.000007	-0.000002
0.000005	-0.000003
-0.000002	0.000002
0.000000	-0.000001
0.000004	-0.000001
0.000006	-0.000001
0.000001	-0.000001
0.000005	-0.000001
0.000001	0.000002
0.000007	-0.000000
-0.000001	-0.000003
0.000003	0.000002
0.000002	0.000003
-0.000000	0.000000
-0.000004	0.000001
0.000006	0.000001
0.000002	-0.000008
0.000000	0.000003
0.000008	0.000002
0.000001	-0.000004
-0.000003	0.000001
0.000007	-0.000000
0.000003	-0.000004
0.000002	0.000003
0.000004	-0.000009
0.000001	-0.000002
0.000004	-0.000001
0.000004	-0.000002
0.000001	-0.000000
-0.000000	-0.000002
-0.000001	-0.000002
0.000002	-0.000003
0.000002	0.000000
-0.000001	-0.000003
-0.000004	0.000000
-0.000001	0.000002
0.000007	-0.000001
0.000001	0.000006
0.000004	0.000007
0.000001	0.000001
0.000002	0.000001
0.000005	-0.000002
0.000008	-0.000004
-0.000000	-0.000002
0.000006	0.000003
0.000007	-0.000003
0.000002	0.000000
0.000005	-0.000001
0.000005	-0.000002
0.000005	0.000000
-0.000000	0.000001
0.000003	-0.000001
-0.000001	-0.000002
0.000005	-0.000001
0.000001	-0.000004
0.000002	-0.000001
0.000003	-0.000004
0.000002	0.000001
-0.000002	-0.000002
-0.000001	-0.000001
0.000001	-0.000005
-0.000001	-0.000000
0.000003	-0.000004
-0.000000	-0.000002
-0.000002	-0.000000
0.000005	0.000001
-0.000001	-0.000001
0.000006	-0.000001
0.000003	0.000002
-0.000002	-0.000000
0.000003	-0.000001
0.000005	0.000001
0.000002	0.000004
0.000008	0.000000
0.000002	-0.000000
0.000001	0.000001
0.000004	-0.000001
0.000005	-0.000003
0.000001	0.000003
0.000004	-0.000002
0.000001	-0.000002
-0.000000	-0.000004
-0.000002	0.000000
0.000002	-0.000004
0.000003	-0.000002
0.000006	-0.000003
0.000004	-0.000004
-0.000001	0.000002
0.000005	-0.000002
0.000006	-0.000001
-0.000002	-0.000001
-0.000001	-0.000001
0.000005	-0.000002
0.000002	0.000003
0.000001	0.000000
0.000005	-0.000002
0.000003	0.000001
-0.000001	0.000001
0.000003	0.000002
0.000000	0.000004
0.000003	0.000000
0.000001	-0.000001
-0.000001	-0.000001
-0.000001	-0.000000
0.000001	-0.000004
0.000004	0.000001
-0.000000	-0.000003
0.000002	-0.000005
-0.000000	0.000001
-0.000001	-0.000001
0.000001	0.000000
0.000000	-0.000002
0.000006	-0.000003
0.000001	0.000003
0.000002	0.000001
0.000003	0.000001
0.000000	-0.000004
0.000000	-0.000001
0.000002	-0.000001
0.000002	-0.000002
-0.000001	-0.000004
0.000005	0.000001
0.000002	-0.000004
0.000002	0.000003
0.000000	-0.000002
0.000002	0.000001
-0.000000	-0.000003
-0.000002	-0.000003
0.000002	0.000003
0.000006	0.000002
0.000001	-0.000001
0.000005	-0.000003
0.000003	0.000003
0.000002	-0.000003
-0.000001	-0.000005
0.000001	0.000005
0.000001	-0.000002
0.000001	0.000001
0.000001	-0.000001
0.000004	-0.000002
0.000008	-0.000004
0.000004	-0.000000
0.000003	-0.000003
0.000001	0.000002
0.000003	-0.000003
0.000003	0.000001
0.000001	0.000002
-0.000001	-0.000001
0.000002	-0.000002
-0.000002	-0.000001
0.000005	-0.000005
0.000001	0.000000
0.000001	0.000004
0.000000	-0.000003
0.000001	-0.000006
-0.000002	0.000002
0.000006	-0.000004
0.000003	-0.000001
0.000001	-0.000001
0.000004	-0.000002
0.000003	-0.000003
0.000001	-0.000002
0.000003	-0.000001
0.000007	-0.000002
0.000001	0.000000
0.000002	0.000001
0.000003	-0.000003
0.000002	0.000003
-0.000001	0.000002
-0.000000	-0.000002
0.000001	0.000004
0.000003	-0.000001
0.000002	0.000000
0.000000	-0.000003
0.000002	-0.000003
0.000001	-0.000002
0.000004	0.000003
-0.000002	-0.000004
0.000002	-0.000004
0.000001	0.000004
0.000000	-0.000000
-0.000003	0.000001
0.000003	-0.000004
0.000000	0.000002
-0.000001	0.000002
0.000001	-0.000001
0.000006	0.000002
-0.000001	-0.000002
-0.000004	-0.000001
-0.000005	-0.000007
0.000005	-0.000003
-0.000002	0.000003
0.000003	-0.000001
0.000001	-0.000001
-0.000001	-0.000002
0.000005	-0.000004
-0.000001	0.000001
-0.000001	-0.000001
0.000001	-0.000001
0.000001	-0.000000
0.000000	-0.000004
-0.000005	-0.000000
0.000002	-0.000003
0.000003	-0.000000
0.000003	0.000001
0.000002	0.000000
-0.000001	-0.000000
-0.000001	0.000001
0.000001	-0.000001
-0.000002	-0.000001
0.000003	-0.000000
-0.000003	-0.000002
-0.000001	-0.000000
0.000002	-0.000003
0.000003	-0.000003
0.000002	-0.000000
-0.000001	-0.000001
-0.000000	-0.000002
0.000001	-0.000000
0.000001	-0.000004
-0.000001	-0.000003
-0.000002	-0.000003
0.000002	-0.000002
0.000003	-0.000001
-0.000000	0.000003
-0.000001	-0.000004
0.000002	-0.000000
0.000003	-0.000000
-0.000002	0.000002
0.000001	-0.000007
0.000005	-0.000001
-0.000000	-0.000000
0.000000	-0.000000
0.000002	-0.000001
0.000000	0.000004
0.000001	-0.000002
-0.000005	-0.000001
-0.000003	-0.000000
-0.000000	0.000000
0.000002	-0.000006
0.000003	-0.000002
-0.000002	-0.000001
0.000003	0.000001
0.000005	-0.000002
-0.000001	-0.000001
0.000002	0.000001
-0.000003	0.000002
0.000005	-0.000007
-0.000003	-0.000001
0.000002	-0.000001
0.000001	0.000002
0.000004	-0.000001
-0.000002	0.000002
0.000002	-0.000000
-0.000001	-0.000002
0.000002	-0.000002
0.000002	-0.000002
0.000004	-0.000003
0.000003	0.000001
0.000003	-0.000001
-0.000002	-0.000000
0.000004	0.000001
0.000003	-0.000000
0.000005	-0.000006
0.000000	0.000002
-0.000003	-0.000001
0.000001	0.000003
0.000005	-0.000001
-0.000004	0.000000
-0.000001	-0.000001
0.000003	-0.000000
0.000003	0.000003
-0.000001	-0.000000
0.000001	-0.000003
-0.000001	-0.000002
-0.000000	-0.000001
-0.000000	-0.000001
0.000001	-0.000002
-0.000003	-0.000001
0.000000	-0.000006
0.000004	-0.000004
0.000002	-0.000002
-0.000001	-0.000002
-0.000001	0.000002
0.000001	-0.000002
0.000004	-0.000003
-0.000002	0.000000
-0.000000	0.000003
-0.000000	-0.000003
-0.000002	-0.000003
0.000002	-0.000001
0.000003	0.000001
0.000000	0.000000
-0.000005	-0.000003
0.000003	-0.000001
0.000003	-0.000003
0.000005	-0.000003
0.000005	0.000002
0.000001	-0.000000
0.000001	0.000001
0.000005	-0.000001
0.000005	0.000001
-0.000001	0.000001
-0.000002	0.000000
0.000005	-0.000003
-0.000005	0.000003
0.000004	0.000000
-0.000000	-0.000001
0.000001	-0.000001
0.000005	-0.000000
0.000002	-0.000001
-0.000004	0.000001
-0.000002	-0.000007
-0.000000	-0.000002
0.000001	-0.000002
0.000006	-0.000004
0.000002	0.000001
0.000003	-0.000001
0.000003	0.000000
0.000000	0.000001
0.000005	-0.000004
0.000001	0.000005
0.000000	-0.000003
-0.000001	0.000002
-0.000000	0.000000
0.000001	-0.000006
0.000005	0.000001
0.000002	-0.000000
0.000003	0.000001
-0.000000	0.000003
0.000003	-0.000004
0.000001	0.000000
0.000005	-0.000006
0.000004	0.000000
-0.000003	0.000000
0.000000	0.000002
0.000002	0.000000
0.000003	-0.000002
0.000005	-0.000001
0.000003	0.000003
-0.000002	0.000000
0.000002	-0.000006
0.000004	-0.000005
0.000003	-0.000005
-0.000000	-0.000000
0.000003	-0.000000
0.000003	-0.000002
0.000000	-0.000001
0.000002	0.000003
-0.000000	-0.000003
0.000003	-0.000003
0.000005	-0.000003
0.000002	0.000001
0.000005	-0.000001
0.000004	-0.000001
0.000004	-0.000003
0.000003	0.000000
0.000007	0.000001
-0.000001	0.000002
0.000002	0.000001
0.000002	-0.000000
0.000002	-0.000001
0.000001	-0.000006
0.000007	-0.000004
0.000002	-0.000002
0.000007	-0.000002
0.000000	-0.000005
0.000001	-0.000005
0.000009	-0.000007
0.000006	-0.000001
0.000008	-0.000001
0.000007	-0.000004
0.000003	-0.000003
0.000003	-0.000000
0.000005	-0.000004
0.000001	-0.000005
0.000002	-0.000004
0.000003	-0.000007
0.000004	-0.000004
0.000005	-0.000006
0.000001	-0.000005
0.000004	-0.000008
0.000004	-0.000006
0.000003	-0.000005
0.000005	-0.000007
0.000004	-0.000008
-0.000001	-0.000008
-0.000000	-0.000010
0.000004	-0.000012
-0.000001	-0.000009
-0.000000	-0.000010
0.000001	-0.000009
-0.000000	-0.000009
-0.000001	-0.000010
-0.000003	-0.000007
-0.000001	-0.000011
-0.000002	-0.000009
-0.000003	-0.000009
-0.000002	-0.000008
-0.000005	-0.000007
-0.000005	-0.000007
-0.000006	-0.000008
-0.000005	-0.000007
-0.000006	-0.000005
-0.000007	-0.000005
-0.000007	-0.000006
-0.000007	-0.000005
-0.000006	-0.000004
-0.000007	-0.000004
-0.000008	-0.000004
-0.000007	-0.000003
-0.000007	-0.000002
-0.000006	-0.000002
-0.000006	-0.000002
-0.000006	-0.000001
-0.000006	-0.000001
-0.000006	-0.000001
-0.000006	-0.000001
-0.000005	-0.000000
-0.000005	-0.000000
-0.000005	0.000000
-0.000005	0.000000
-0.000004	0.000000
-0.000004	0.000000
-0.000004	0.000000
-0.000004	0.000000
-0.000004	0.000000
-0.000003	0.000000
-0.000003	0.000000
-0.000003	0.000000
-0.000003	0.000000
-0.000003	0.000000
-0.000003	0.000000
-0.000003	0.000000
-0.000003	0.000000
-0.000002	0.000000
-0.000002	0.000000
-0.000002	0.000000
-0.000002	0.000000
-0.000002	0.000000
-0.000002	0.000000
-0.000002	0.000000
-0.000002	0.000000
-0.000002	0.000000
-0.000002	0.000000
-0.000002	0.000000
-0.000002	0.000000
-0.000002	0.000000
-0.000002	0.000000
-0.000002	0.000000
-0.000002	0.000000
-0.000002	0.000000
-0.000002	0.000000
-0.000002	0.000000
-0.000002	0.000000
-0.000002	0.000000
-0.000002	0.000000
-0.000002	0.000000
-0.000002	0.000000
-0.000001	0.000000
-0.000001	0.000000
-0.000001	-0.000000
-0.000001	0.000000
-0.000001	0.000000
-0.000001	0.000000
-0.000001	-0.000000
-0.000001	-0.000000
-0.000001	0.000000
-0.000001	-0.000000
-0.000001	-0.000000
-0.000001	-0.000000
-0.000001	0.000000
-0.000001	-0.000000
-0.000001	-0.000000
-0.000001	-0.000000
-0.000001	-0.000000
-0.000001	-0.000000
-0.000001	-0.000000
-0.000001	-0.000000
-0.000001	-0.000000
-0.000001	-0.000000
-0.000001	-0.000000
-0.000001	-0.000000
-0.000001	-0.000000
-0.000001	-0.000000
-0.000001	-0.000000
-0.000001	-0.000000
-0.000001	-0.000000
-0.000001	-0.000000
-0.000001	-0.000000
-0.000001	-0.000000
-0.000001	-0.000000
-0.000001	-0.000000
-0.000001	-0.000000
-0.000001	-0.000000
-0.000001	-0.000000
-0.000001	-0.000000
-0.000001	-0.000000
-0.000001	-0.000000
-0.000001	-0.000000
-0.000001	-0.000000
-0.000001	-0.000000
-0.000001	-0.000000
-0.000001	-0.000000
-0.000001	-0.000000
-0.000001	-0.000000
-0.000001	-0.000000
-0.000001	-0.000000
-0.000001	-0.000000
-0.000001	-0.000000
-0.000001	-0.000000
-0.000001	-0.000000
-0.000001	-0.000000
-0.000001	-0.000000
-0.000001	-0.000000
-0.000001	-0.000000
-0.000001	-0.000000
-0.000001	-0.000000
-0.000001	-0.000000
-0.000001	-0.000000
-0.000001	-0.000000
-0.000001	-0.000000
-0.000001	-0.000000
-0.000001	-0.000000
-0.000001	-0.000000
-0.000001	-0.000000
-0.000001	-0.000000
-0.000001	-0.000000
-0.000001	-0.000000
-0.000001	-0.000000
-0.000001	-0.000000
-0.000001	-0.000000
-0.000001	-0.000000
-0.000001	-0.000000
-0.000001	-0.000000
-0.000001	-0.000000
-0.000001	-0.000000
-0.000001	-0.000000
-0.000001	-0.000000
-0.000001	-0.000000
-0.000001	-0.000000
-0.000001	-0.000000
-0.000001	-0.000000
-0.000001	-0.000000
-0.000001	-0.000000
-0.000001	-0.000000
-0.000001	-0.000000
-0.000001	-0.000000
-0.000001	-0.000000
-0.000001	-0.000000
-0.000001	-0.000000
-0.000001	-0.000000
-0.000001	-0.000000
-0.000001	-0.000000
-0.000001	-0.000000
-0.000001	-0.000000
-0.000001	-0.000000
-0.000001	-0.000000
-0.000001	-0.000000
-0.000001	-0.000000
-0.000001	-0.000000
-0.000001	-0.000000
-0.000001	-0.000000
-0.000001	-0.000000
-0.000001	-0.000000
-0.000001	-0.000000
-0.000001	-0.000000
-0.000001	-0.000000
-0.000001	-0.000000
-0.000001	-0.000000
-0.000001	-0.000000
-0.000001	-0.000000
-0.000001	-0.000000
-0.000001	-0.000000
-0.000001	-0.000000
-0.000001	-0.000000
-0.000001	-0.000000
-0.000001	-0.000000
-0.000001	-0.000000
-0.000001	-0.000000
-0.000001	-0.000000
-0.000001	-0.000000
-0.000001	-0.000000
-0.000001	-0.000000
-0.000001	-0.000000
-0.000001	-0.000000
-0.000001	-0.000000
-0.000001	-0.000000
-0.000001	-0.000000
-0.000001	-0.000000
-0.000001	-0.000000
-0.000001	-0.000000
-0.000001	-0.000000
-0.000001	-0.000000
-0.000001	-0.000000
-0.000001	-0.000000
-0.000001	-0.000000
-0.000001	-0.000000
-0.000001	-0.000000
-0.000001	-0.000000
-0.000001	-0.000000
-0.000001	-0.000000
-0.000001	-0.000000
-0.000001	-0.000000
-0.000000	-0.000000
-0.000001	-0.000000
-0.000001	-0.000000
-0.000001	-0.000000
-0.000000	-0.000000
-0.000000	-0.000000
-0.000001	-0.000000
-0.000000	-0.000000
-0.000000	-0.000000
-0.000000	-0.000000
-0.000000	-0.000000
-0.000000	-0.000000
-0.000000	-0.000000
-0.000000	-0.000000
-0.000000	-0.000000
-0.000000	-0.000000
-0.000000	-0.000000
-0.000000	-0.000000
-0.000000	-0.000000
-0.000000	-0.000000
-0.000000	-0.000000
-0.000000	-0.000000
-0.000000	-0.000000
-0.000000	-0.000000
-0.000000	-0.000000
-0.000000	-0.000000
-0.000000	-0.000000
-0.000000	-0.000000
-0.000000	-0.000000
-0.000000	-0.000000
-0.000000	-0.000000
-0.000000	-0.000000
-0.000000	-0.000000
-0.000000	-0.000000
-0.000000	-0.000000
-0.000000	-0.000000
-0.000000	-0.000000
-0.000000	-0.000000
-0.000000	-0.000000
-0.000000	-0.000000
-0.000000	-0.000000
-0.000000	-0.000000
-0.000000	-0.000000
-0.000000	-0.000000
-0.000000	-0.000000
-0.000000	-0.000000
-0.000000	-0.000000
-0.000000	-0.000000
-0.000000	-0.000000
-0.000000	-0.000000
-0.000000	-0.000000
-0.000000	-0.000000
-0.000000	-0.000000
-0.000000	-0.000000
-0.000000	-0.000000
-0.000000	-0.000000
-0.000000	-0.000000
-0.000000	-0.000000
-0.000000	-0.000000
-0.000000	-0.000000
-0.000000	-0.000000
-0.000000	-0.000000
-0.000000	-0.000000
-0.000000	-0.000000
-0.000000	-0.000000
-0.000000	-0.000000
-0.000000	-0.000000
-0.000000	-0.000000
-0.000000	-0.000000
-0.000000	-0.000000
-0.000000	-0.000000
-0.000000	-0.000000
-0.000000	-0.000000
-0.000000	-0.000000
-0.000000	-0.000000
-0.000000	-0.000000
-0.000000	-0.000000
-0.000000	-0.000000
-0.000000	-0.000000
-0.000000	-0.000000
-0.000000	-0.000000
-0.000000	-0.000000
-0.000000	-0.000000
-0.000000	-0.000000
-0.000000	-0.000000
-0.000000	-0.000000
-0.000000	-0.000000
-0.000000	-0.000000
-0.000000	-0.000000
-0.000000	-0.000000
-0.000000	-0.000000
-0.000000	-0.000000
-0.000000	-0.000000
-0.000000	-0.000000
-0.000000	-0.000000
-0.000000	-0.000000
-0.000000	-0.000000
-0.000000	-0.000000
-0.000000	-0.000000
-0.000000	-0.000000
-0.000000	-0.000000
-0.000000	-0.000000
-0.000000	-0.000000
-0.000000	-0.000000
-0.000000	-0.000000
-0.000000	-0.000000
-0.000000	-0.000000
-0.000000	-0.000000
-0.000000	-0.000000
-0.000000	-0.000000
-0.000000	-0.000000
-0.000000	-0.000000
-0.000000	-0.000000
-0.000000	-0.000000
-0.000000	-0.000000
-0.000000	-0.000000
-0.000000	-0.000000
-0.000000	-0.000000
-0.000000	-0.000000
-0.000000	-0.000000
-0.000000	-0.000000
-0.000000	-0.000000
-0.000000	-0.000000
-0.000000	-0.000000
-0.000000	-0.000000
-0.000000	-0.000000
-0.000000	-0.000000
-0.000000	-0.000000
-0.000000	-0.000000
-0.000000	-0.000000
-0.000000	-0.000000
-0.000000	-0.000000
-0.000000	-0.000000
-0.000000	-0.000000
-0.000000	-0.000000
-0.000000	-0.000000
-0.000000	-0.000000
-0.000000	-0.000000
-0.000000	-0.000000
-0.000000	-0.000000
-0.000000	-0.000000
-0.000000	-0.000000
-0.000000	-0.000000
-0.000000	-0.000000
-0.000000	-0.000000
-0.000000	-0.000000
-0.000000	-0.000000
-0.000000	-0.000000
-0.000000	-0.000000
-0.000000	-0.000000
-0.000000	-0.000000
-0.000000	-0.000000
-0.000000	-0.000000
-0.000000	-0.000000
-0.000000	-0.000000
-0.000000	-0.000000
-0.000000	-0.000000
-0.000000	-0.000000
-0.000000	-0.000000
-0.000000	-0.000000
-0.000000	-0.000000
-0.000000	-0.000000
-0.000000	-0.000000
-0.000000	-0.000000
-0.000000	-0.000000
-0.000000	-0.000000
-0.000000	-0.000000
-0.000000	-0.000000
-0.000000	-0.000000
-0.000000	-0.000000
-0.000000	-0.000000
-0.000000	-0.000000
-0.000000	-0.000000
-0.000000	-0.000000
-0.000000	-0.000000
-0.000000	-0.000000
-0.000000	-0.000000
-0.000000	-0.000000
-0.000000	-0.000000
-0.000000	-0.000000
-0.000000	-0.000000
-0.000000	-0.000000
-0.000000	-0.000000
-0.000000	-0.000000
-0.000000	-0.000000
-0.000000	-0.000000
-0.000000	-0.000000
-0.000000	-0.000000
-0.000000	-0.000000
-0.000000	-0.000000
-0.000000	-0.000000
-0.000000	-0.000000
-0.000000	-0.000000
-0.000000	-0.000000
-0.000000	-0.000000
-0.000000	-0.000000
-0.000000	-0.000000
-0.000000	-0.000000
-0.000000	-0.000000
-0.000000	-0.000000
-0.000000	-0.000000
-0.000000	-0.000000
-0.000000	-0.000000
-0.000000	-0.000000
-0.000000	-0.000000
-0.000000	-0.000000
-0.000000	-0.000000
-0.000000	-0.000000
-0.000000	-0.000000
-0.000000	-0.000000
-0.000000	-0.000000
-0.000000	-0.000000
-0.000000	-0.000000
-0.000000	-0.000000
-0.000000	-0.000000
-0.000000	-0.000000
-0.000000	-0.000000
-0.000000	-0.000000
-0.000000	-0.000000
-0.000000	-0.000000
-0.000000	-0.000000
-0.000000	-0.000000
-0.000000	-0.000000
-0.000000	-0.000000
-0.000000	-0.000000
-0.000000	-0.000000
-0.000000	-0.000000
-0.000000	-0.000000
-0.000000	-0.000000
-0.000000	-0.000000
-0.000000	-0.000000
-0.000000	-0.000000
-0.000000	-0.000000
-0.000000	-0.000000
-0.000000	-0.000000
-0.000000	-0.000000
-0.000000	-0.000000
-0.000000	-0.000000
-0.000000	-0.000000
-0.000000	-0.000000
-0.000000	-0.000000
-0.000000	-0.000000
-0.000000	-0.000000
-0.000000	-0.000000
-0.000000	-0.000000
-0.000000	-0.000000
-0.000000	-0.000000
-0.000000	-0.000000
-0.000000	-0.000000
-0.000000	-0.000000
-0.000000	-0.000000
-0.000000	-0.000000
-0.000000	-0.000000
-0.000000	-0.000000
-0.000000	-0.000000
-0.000000	-0.000000
-0.000000	-0.000000
-0.000000	-0.000000
-0.000000	-0.000000
-0.000000	-0.000000
-0.000000	-0.000000
-0.000000	-0.000000
-0.000000	-0.000000
-0.000000	-0.000000
-0.000000	-0.000000
-0.000000	-0.000000
-0.000000	-0.000000
-0.000000	-0.000000
-0.000000	-0.000000
-0.000000	-0.000000
-0.000000	-0.000000
-0.000000	-0.000000
-0.000000	-0.000000
-0.000000	-0.000000
-0.000000	-0.000000
-0.000000	-0.000000
-0.000000	-0.000000
-0.000000	-0.000000
-0.000000	-0.000000
-0.000000	-0.000000
-0.000000	-0.000000
-0.000000	-0.000000
-0.000000	-0.000000
-0.000000	-0.000000
-0.000000	-0.000000
-0.000000	-0.000000
-0.000000	-0.000000
-0.000000	-0.000000
-0.000000	-0.000000
-0.000000	-0.000000
-0.000000	-0.000000
-0.000000	-0.000000
-0.000000	-0.000000
-0.000000	-0.000000
-0.000000	-0.000000
-0.000000	-0.000000
-0.000000	-0.000000
-0.000000	-0.000000
-0.000000	-0.000000
-0.000000	-0.000000
-0.000000	-0.000000
-0.000000	-0.000000
-0.000000	-0.000000
-0.000000	-0.000000
-0.000000	-0.000000
-0.000000	-0.000000
-0.000000	-0.000000
-0.000000	-0.000000
-0.000000	-0.000000
-0.000000	-0.000000
-0.000000	-0.000000
-0.000000	-0.000000
-0.000000	-0.000000
-0.000000	-0.000000
-0.000000	-0.000000
-0.000000	-0.000000
-0.000000	-0.000000
-0.000000	-0.000000
-0.000000	-0.000000
-0.000000	-0.000000
-0.000000	-0.000000
-0.000000	-0.000000
-0.000000	-0.000000
-0.000000	-0.000000
-0.000000	-0.000000
-0.000000	-0.000000
-0.000000	-0.000000
-0.000000	-0.000000
-0.000000	-0.000000
-0.000000	-0.000000
-0.000000	-0.000000
-0.000000	-0.000000
-0.000000	-0.000000
-0.000000	-0.000000
-0.000000	-0.000000
-0.000000	-0.000000
-0.000000	-0.000000
-0.000000	-0.000000
-0.000000	-0.000000
-0.000000	-0.000000
-0.000000	-0.000000
-0.000000	-0.000000
-0.000000	-0.000000
-0.000000	-0.000000
-0.000000	-0.000000
-0.000000	-0.000000
-0.000000	-0.000000
-0.000000	-0.000000
-0.000000	-0.000000
-0.000000	-0.000000
-0.000000	-0.000000
-0.000000	-0.000000
-0.000000	-0.000000
-0.000000	-0.000000
-0.000000	-0.000000
-0.000000	-0.000000
-0.000000	-0.000000
-0.000000	-0.000000
-0.000000	-0.000000
-0.000000	-0.000000
-0.000000	-0.000000
-0.000000	-0.000000
-0.000000	-0.000000
-0.000000	-0.000000
-0.000000	-0.000000
-0.000000	-0.000000
-0.000000	-0.000000
-0.000000	-0.000000
-0.000000	-0.000000
-0.000000	-0.000000
-0.000000	-0.000000
-0.000000	-0.000000
-0.000000	-0.000000
-0.000000	0.000000
-0.000000	-0.000000
-0.000000	-0.000000
-0.000000	-0.000000
-0.000000	-0.000000
-0.000000	-0.000000
-0.000000	-0.000000
-0.000000	-0.000000
-0.000000	-0.000000
-0.000000	-0.000000
-0.000000	-0.000000
-0.000000	-0.000000
-0.000000	-0.000000
-0.000000	-0.000000
-0.000000	-0.000000
-0.000000	-0.000000
-0.000000	-0.000000
-0.000000	-0.000000
-0.000000	-0.000000
-0.000000	-0.000000
-0.000000	-0.000000
-0.000000	-0.000000
-0.000000	-0.000000
-0.000000	-0.000000
-0.000000	-0.000000
-0.000000	-0.000000
-0.000000	-0.000000
-0.000000	-0.000000
-0.000000	-0.000000
-0.000000	-0.000000
-0.000000	-0.000000
-0.000000	-0.000000
-0.000000	-0.000000
-0.000000	-0.000000
-0.000000	-0.000000
-0.000000	-0.000000
-0.000000	-0.000000
-0.000000	-0.000000
-0.000000	-0.000000
-0.000000	-0.000000
-0.000000	-0.000000
-0.000000	-0.000000
-0.000000	-0.000000
-0.000000	-0.000000
-0.000000	-0.000000
-0.000000	-0.000000
-0.000000	-0.000000
-0.000000	-0.000000
-0.000000	-0.000000
-0.000000	-0.000000
-0.000000	-0.000000
-0.000000	-0.000000
-0.000000	-0.000000
-0.000000	-0.000000
-0.000000	-0.000000
-0.000000	-0.000000
-0.000000	-0.000000
-0.000000	-0.000000
-0.000000	-0.000000
-0.000000	-0.000000
-0.000000	-0.000000
-0.000000	-0.000000
-0.000000	-0.000000
-0.000000	-0.000000
-0.000000	-0.000000
-0.000000	-0.000000
-0.000000	-0.000000
-0.000000	-0.000000
-0.000000	-0.000000
-0.000000	-0.000000
-0.000000	-0.000000
-0.000000	-0.000000
-0.000000	-0.000000
-0.000000	-0.000000
-0.000000	-0.000000
-0.000000	-0.000000
-0.000000	-0.000000
-0.000000	-0.000000
-0.000000	-0.000000
-0.000000	-0.000000
-0.000000	-0.000000
-0.000000	-0.000000
-0.000000	-0.000000
-0.000000	-0.000000
-0.000000	-0.000000
-0.000000	-0.000000
-0.000000	-0.000000
-0.000000	-0.000000
-0.000000	-0.000000
-0.000000	-0.000000
-0.000000	-0.000000
-0.000000	-0.000000
-0.000000	-0.000000
-0.000000	-0.000000
-0.000000	-0.000000
-0.000000	-0.000000
-0.000000	-0.000000
-0.000000	-0.000000
-0.000000	-0.000000
-0.000000	-0.000000
-0.000000	-0.000000
-0.000000	-0.000000
-0.000000	-0.000000
-0.000000	-0.000000
-0.000000	-0.000000
-0.000000	-0.000000
-0.000000	-0.000000
-0.000000	-0.000000
-0.000000	-0.000000
-0.000000	-0.000000
-0.000000	-0.000000
-0.000000	-0.000000
-0.000000	-0.000000
-0.000000	-0.000000
-0.000000	-0.000000
-0.000000	-0.000000
-0.000000	-0.000000
-0.000000	-0.000000
-0.000000	-0.000000
-0.000000	-0.000000
-0.000000	-0.000000
-0.000000	-0.000000
-0.000000	-0.000000
-0.000000	-0.000000
-0.000000	-0.000000
-0.000000	-0.000000
-0.000000	-0.000000
-0.000000	-0.000000
-0.000000	-0.000000
-0.000000	-0.000000
-0.000000	-0.000000
-0.000000	-0.000000
-0.000000	-0.000000
-0.000000	-0.000000
-0.000000	-0.000000
-0.000000	-0.000000
-0.000000	-0.000000
-0.000000	-0.000000
-0.000000	-0.000000
-0.000000	-0.000000
-0.000000	-0.000000
-0.000000	-0.000000
-0.000000	-0.000000
-0.000000	-0.000000
-0.000000	-0.000000
-0.000000	-0.000000
-0.000000	-0.000000
-0.000000	-0.000000
-0.000000	-0.000000
-0.000000	-0.000000
-0.000000	-0.000000
-0.000000	-0.000000
-0.000000	-0.000000
-0.000000	-0.000000
-0.000000	-0.000000
-0.000000	-0.000000
-0.000000	-0.000000
-0.000000	-0.000000
-0.000000	-0.000000
-0.000000	-0.000000
-0.000000	-0.000000
-0.000000	-0.000000
-0.000000	-0.000000
-0.000000	-0.000000
-0.000000	-0.000000
-0.000000	-0.000000
-0.000000	-0.000000
-0.000000	-0.000000
-0.000000	-0.000000
-0.000000	-0.000000
-0.000000	-0.000000
-0.000000	-0.000000
-0.000000	-0.000000
-0.000000	-0.000000
-0.000000	-0.000000
-0.000000	-0.000000
-0.000000	-0.000000
-0.000000	-0.000000
-0.000000	-0.000000
-0.000000	-0.000000
-0.000000	-0.000000
-0.000000	-0.000000
-0.000000	-0.000000
-0.000000	-0.000000
-0.000000	-0.000000
-0.000000	-0.000000
-0.000000	-0.000000
-0.000000	-0.000000
-0.000000	-0.000000
-0.000000	-0.000000
-0.000000	-0.000000
-0.000000	-0.000000
-0.000000	-0.000000
-0.000000	-0.000000
-0.000000	-0.000000
-0.000000	-0.000000
-0.000000	-0.000000
-0.000000	-0.000000
-0.000000	-0.000000
-0.000000	-0.000000
-0.000000	-0.000000
-0.000000	-0.000000
-0.000000	-0.000000
-0.000000	-0.000000
-0.000000	-0.000000
-0.000000	-0.000000
-0.000000	-0.000000
-0.000000	-0.000000
-0.000000	-0.000000
-0.000000	-0.000000
-0.000000	-0.000000
-0.000000	-0.000000
-0.000000	-0.000000
-0.000000	-0.000000
-0.000000	-0.000000
-0.000000	-0.000000
-0.000000	-0.000000
-0.000000	-0.000000
-0.000000	-0.000000
-0.000000	-0.000000
-0.000000	-0.000000
-0.000000	-0.000000
-0.000000	-0.000000
-0.000000	-0.000000
-0.000000	-0.000000
-0.000000	-0.000000
-0.000000	-0.000000
-0.000000	-0.000000
-0.000000	-0.000000
-0.000000	-0.000000
-0.000000	-0.000000
-0.000000	-0.000000
-0.000000	-0.000000
-0.000000	-0.000000
-0.000000	-0.000000
-0.000000	-0.000000
-0.000000	-0.000000
-0.000000	-0.000000
-0.000000	-0.000000
-0.000000	-0.000000
-0.000000	-0.000000
-0.000000	-0.000000
-0.000000	-0.000000
-0.000000	-0.000000
-0.000000	-0.000000
-0.000000	-0.000000
-0.000000	-0.000000
-0.000000	-0.000000
-0.000000	-0.000000
-0.000000	-0.000000
-0.000000	-0.000000
-0.000000	-0.000000
-0.000000	-0.000000
-0.000000	-0.000000
-0.000000	-0.000000
-0.000000	-0.000000
-0.000000	-0.000000
-0.000000	-0.000000
-0.000000	-0.000000
-0.000000	-0.000000
-0.000000	-0.000000
-0.000000	-0.000000
-0.000000	-0.000000
-0.000000	-0.000000
-0.000000	-0.000000
-0.000000	-0.000000
-0.000000	-0.000000
-0.000000	-0.000000
-0.000000	-0.000000
-0.000000	-0.000000
-0.000000	-0.000000
-0.000000	-0.000000
-0.000000	-0.000000
-0.000000	-0.000000
-0.000000	-0.000000
-0.000000	-0.000000
-0.000000	-0.000000
-0.000000	-0.000000
-0.000000	-0.000000
-0.000000	-0.000000
-0.000000	-0.000000
-0.000000	-0.000000
-0.000000	-0.000000
-0.000000	-0.000000
-0.000000	-0.000000
-0.000000	-0.000000
-0.000000	-0.000000
-0.000000	-0.000000
-0.000000	-0.000000
-0.000000	-0.000000
-0.000000	-0.000000
-0.000000	-0.000000
-0.000000	-0.000000
-0.000000	-0.000000
-0.000000	-0.000000
-0.000000	-0.000000
-0.000000	-0.000000
-0.000000	-0.000000
-0.000000	-0.000000
-0.000000	-0.000000
-0.000000	-0.000000
-0.000000	-0.000000
-0.000000	-0.000000
-0.000000	-0.000000
-0.000000	-0.000000
-0.000000	-0.000000
-0.000000	-0.000000
-0.000000	-0.000000
-0.000000	-0.000000
-0.000000	-0.000000
-0.000000	-0.000000
-0.000000	-0.000000
-0.000000	-0.000000
-0.000000	-0.000000
-0.000000	-0.000000
-0.000000	-0.000000
-0.000000	-0.000000
-0.000000	-0.000000
-0.000000	-0.000000
-0.000000	-0.000000
-0.000000	-0.000000
-0.000000	-0.000000
-0.000000	-0.000000
-0.000000	-0.000000
-0.000000	-0.000000
-0.000000	-0.000000
-0.000000	-0.000000
-0.000000	-0.000000
-0.000000	-0.000000
-0.000000	-0.000000
-0.000000	-0.000000
-0.000000	-0.000000
-0.000000	-0.000000
-0.000000	-0.000000
-0.000000	-0.000000
-0.000000	-0.000000
-0.000000	-0.000000
-0.000000	-0.000000
-0.000000	-0.000000
-0.000000	-0.000000
-0.000000	-0.000000
-0.000000	-0.000000
-0.000000	-0.000000
-0.000000	-0.000000
-0.000000	-0.000000
-0.000000	-0.000000
-0.000000	-0.000000
-0.000000	-0.000000
-0.000000	-0.000000
-0.000000	-0.000000
-0.000000	-0.000000
-0.000000	-0.000000
-0.000000	-0.000000
-0.000000	-0.000000
-0.000000	-0.000000
-0.000000	-0.000000
-0.000000	-0.000000
-0.000000	-0.000000
-0.000000	-0.000000
-0.000000	-0.000000
-0.000000	-0.000000
-0.000000	-0.000000
-0.000000	-0.000000
-0.000000	-0.000000
-0.000000	-0.000000
-0.000000	-0.000000
-0.000000	-0.000000
-0.000000	-0.000000
-0.000000	-0.000000
-0.000000	-0.000000
-0.000000	-0.000000
-0.000000	-0.000000
-0.000000	-0.000000
-0.000000	-0.000000
-0.000000	-0.000000
-0.000000	-0.000000
-0.000000	-0.000000
-0.000000	-0.000000
-0.000000	-0.000000
-0.000000	-0.000000
-0.000000	-0.000000
-0.000000	-0.000000
-0.000000	-0.000000
-0.000000	-0.000000
-0.000000	-0.000000
-0.000000	-0.000000
-0.000000	-0.000000
-0.000000	-0.000000
-0.000000	-0.000000
-0.000000	-0.000000
-0.000000	-0.000000
-0.000000	-0.000000
-0.000000	-0.000000
-0.000000	-0.000000
-0.000000	-0.000000
-0.000000	-0.000000
-0.000000	-0.000000
-0.000000	-0.000000
-0.000000	-0.000000
-0.000000	-0.000000
-0.000000	-0.000000
-0.000000	-0.000000
-0.000000	-0.000000
-0.000000	-0.000000
-0.000000	-0.000000
-0.000000	-0.000000
-0.000000	-0.000000
-0.000000	-0.000000
-0.000000	-0.000000
-0.000000	-0.000000
-0.000000	-0.000000
-0.000000	-0.000000
-0.000000	-0.000000
-0.000000	-0.000000
-0.000000	-0.000000
-0.000000	-0.000000
-0.000000	-0.000000
-0.000000	-0.000000
-0.000000	-0.000000
-0.000000	-0.000000
-0.000000	-0.000000
-0.000000	-0.000000
-0.000000	-0.000000
-0.000000	-0.000000
-0.000000	-0.000000
-0.000000	-0.000000
-0.000000	0.000000
-0.000000	-0.000000
-0.000000	-0.000000
-0.000000	-0.000000
-0.000000	-0.000000
-0.000000	-0.000000
-0.000000	-0.000000
-0.000000	-0.000000
-0.000000	-0.000000
-0.000000	-0.000000
-0.000000	-0.000000
-0.000000	-0.000000
-0.000000	-0.000000
-0.000000	-0.000000
-0.000000	-0.000000
-0.000000	-0.000000
-0.000000	-0.000000
-0.000000	-0.000000
-0.000000	-0.000000
-0.000000	-0.000000
-0.000000	-0.000000
-0.000000	-0.000000
-0.000000	-0.000000
-0.000000	-0.000000
-0.000000	-0.000000
-0.000000	-0.000000
-0.000000	-0.000000
-0.000000	-0.000000
-0.000000	-0.000000
-0.000000	-0.000000
-0.000000	-0.000000
-0.000000	-0.000000
-0.000000	-0.000000
-0.000000	-0.000000
-0.000000	-0.000000
-0.000000	-0.000000
-0.000000	-0.000000
-0.000000	-0.000000
-0.000000	-0.000000
-0.000000	-0.000000
-0.000000	-0.000000
-0.000000	-0.000000
-0.000000	-0.000000
-0.000000	-0.000000
-0.000000	-0.000000
-0.000000	-0.000000
-0.000000	-0.000000
-0.000000	-0.000000
-0.000000	-0.000000
-0.000000	-0.000000
-0.000000	-0.000000
-0.000000	-0.000000
-0.000000	-0.000000
-0.000000	-0.000000
-0.000000	-0.000000
-0.000000	-0.000000
-0.000000	0.000000
-0.000000	-0.000000
-0.000000	-0.000000
-0.000000	-0.000000
-0.000000	0.000000
-0.000000	-0.000000
-0.000000	-0.000000
-0.000000	-0.000000
-0.000000	-0.000000
-0.000000	-0.000000
-0.000000	-0.000000
-0.000000	-0.000000
-0.000000	-0.000000
-0.000000	-0.000000
-0.000000	-0.000000
-0.000000	-0.000000
-0.000000	-0.000000
-0.000000	-0.000000
-0.000000	-0.000000
-0.000000	-0.000000
-0.000000	0.000000
-0.000000	-0.000000
-0.000000	-0.000000
-0.000000	-0.000000
-0.000000	0.000000
-0.000000	-0.000000
-0.000000	-0.000000
-0.000000	-0.000000
-0.000000	-0.000000
-0.000000	-0.000000
-0.000000	-0.000000
-0.000000	-0.000000
-0.000000	-0.000000
-0.000000	-0.000000
-0.000000	-0.000000
-0.000000	-0.000000
-0.000000	-0.000000
-0.000000	-0.000000
-0.000000	-0.000000
-0.000000	-0.000000
-0.000000	-0.000000
-0.000000	-0.000000
-0.000000	-0.000000
-0.000000	-0.000000
-0.000000	-0.000000
-0.000000	-0.000000
-0.000000	-0.000000
-0.000000	-0.000000
-0.000000	-0.000000
-0.000000	-0.000000
-0.000000	-0.000000
-0.000000	-0.000000
-0.000000	-0.000000
-0.000000	-0.000000
-0.000000	-0.000000
-0.000000	-0.000000
-0.000000	0.000000
-0.000000	-0.000000
-0.000000	-0.000000
-0.000000	-0.000000
-0.000000	-0.000000
-0.000000	-0.000000
-0.000000	-0.000000
-0.000000	-0.000000
-0.000000	-0.000000
-0.000000	-0.000000
-0.000000	-0.000000
-0.000000	-0.000000
-0.000000	-0.000000
-0.000000	-0.000000
-0.000000	-0.000000
-0.000000	-0.000000
-0.000000	-0.000000
-0.000000	-0.000000
-0.000000	-0.000000
-0.000000	-0.000000
-0.000000	-0.000000
-0.000000	-0.000000
-0.000000	-0.000000
-0.000000	-0.000000
-0.000000	-0.000000
-0.000000	-0.000000
-0.000000	-0.000000
-0.000000	-0.000000
-0.000000	-0.000000
-0.000000	-0.000000
-0.000000	-0.000000
-0.000000	-0.000000
-0.000000	-0.000000
-0.000000	-0.000000
-0.000000	-0.000000
-0.000000	-0.000000
-0.000000	0.000000
-0.000000	-0.000000
-0.000000	-0.000000
-0.000000	-0.000000
-0.000000	-0.000000
-0.000000	-0.000000
-0.000000	-0.000000
-0.000000	-0.000000
-0.000000	0.000000
-0.000000	-0.000000
-0.000000	-0.000000
-0.000000	-0.000000
-0.000000	0.000000
-0.000000	-0.000000
-0.000000	-0.000000
-0.000000	-0.000000
-0.000000	0.000000
-0.000000	-0.000000
-0.000000	-0.000000
-0.000000	-0.000000
-0.000000	0.000000
-0.000000	-0.000000
-0.000000	-0.000000
-0.000000	-0.000000
-0.000000	0.000000
-0.000000	-0.000000
-0.000000	-0.000000
-0.000000	-0.000000
-0.000000	-0.000000
-0.000000	-0.000000
-0.000000	-0.000000
-0.000000	-0.000000
-0.000000	-0.000000
-0.000000	-0.000000
-0.000000	-0.000000
-0.000000	0.000000
-0.000000	0.000000
-0.000000	-0.000000
-0.000000	-0.000000
-0.000000	-0.000000
-0.000000	-0.000000
-0.000000	-0.000000
-0.000000	-0.000000
-0.000000	-0.000000
-0.000000	0.000000
-0.000000	-0.000000
-0.000000	-0.000000
-0.000000	-0.000000
-0.000000	0.000000
-0.000000	-0.000000
-0.000000	-0.000000
-0.000000	-0.000000
-0.000000	0.000000
-0.000000	-0.000000
-0.000000	-0.000000
-0.000000	-0.000000
-0.000000	-0.000000
-0.000000	-0.000000
-0.000000	-0.000000
-0.000000	-0.000000
-0.000000	-0.000000
-0.000000	-0.000000
-0.000000	-0.000000
-0.000000	-0.000000
-0.000000	-0.000000
-0.000000	-0.000000
-0.000000	-0.000000
-0.000000	-0.000000
-0.000000	-0.000000
-0.000000	-0.000000
-0.000000	-0.000000
-0.000000	-0.000000
-0.000000	-0.000000
-0.000000	-0.000000
-0.000000	-0.000000
-0.000000	-0.000000
-0.000000	0.000000
-0.000000	-0.000000
-0.000000	-0.000000
-0.000000	-0.000000
-0.000000	0.000000
-0.000000	-0.000000
-0.000000	-0.000000
-0.000000	-0.000000
-0.000000	0.000000
-0.000000	-0.000000
-0.000000	-0.000000
-0.000000	-0.000000
-0.000000	-0.000000
-0.000000	-0.000000
-0.000000	-0.000000
-0.000000	-0.000000
-0.000000	0.000000
-0.000000	-0.000000
-0.000000	-0.000000
-0.000000	-0.000000
-0.000000	-0.000000
-0.000000	-0.000000
-0.000000	-0.000000
-0.000000	-0.000000
-0.000000	0.000000
-0.000000	-0.000000
-0.000000	-0.000000
-0.000000	-0.000000
-0.000000	0.000000
-0.000000	-0.000000
-0.000000	-0.000000
-0.000000	-0.000000
-0.000000	0.000000
-0.000000	-0.000000
-0.000000	-0.000000
-0.000000	-0.000000
-0.000000	0.000000
-0.000000	-0.000000
-0.000000	-0.000000
-0.000000	-0.000000
-0.000000	-0.000000
-0.000000	-0.000000
-0.000000	-0.000000
-0.000000	-0.000000
-0.000000	-0.000000
-0.000000	-0.000000
-0.000000	-0.000000
-0.000000	-0.000000
-0.000000	0.000000
-0.000000	-0.000000
-0.000000	-0.000000
-0.000000	-0.000000
-0.000000	-0.000000
-0.000000	-0.000000
-0.000000	-0.000000
-0.000000	-0.000000
-0.000000	0.000000
-0.000000	-0.000000
-0.000000	-0.000000
-0.000000	0.000000
-0.000000	0.000000
-0.000000	-0.000000
-0.000000	-0.000000
-0.000000	-0.000000
-0.000000	-0.000000
-0.000000	-0.000000
-0.000000	-0.000000
-0.000000	0.000000
-0.000000	0.000000
-0.000000	-0.000000
-0.000000	-0.000000
-0.000000	-0.000000
-0.000000	-0.000000
-0.000000	-0.000000
-0.000000	-0.000000
-0.000000	-0.000000
-0.000000	0.000000
-0.000000	-0.000000
-0.000000	-0.000000
-0.000000	-0.000000
-0.000000	0.000000
-0.000000	-0.000000
-0.000000	-0.000000
-0.000000	-0.000000
-0.000000	0.000000
-0.000000	-0.000000
-0.000000	0.000000
-0.000000	-0.000000
-0.000000	0.000000
-0.000000	-0.000000
-0.000000	-0.000000
-0.000000	-0.000000
-0.000000	0.000000
-0.000000	-0.000000
-0.000000	-0.000000
-0.000000	-0.000000
-0.000000	0.000000
-0.000000	-0.000000
-0.000000	-0.000000
-0.000000	-0.000000
-0.000000	0.000000
-0.000000	-0.000000
-0.000000	-0.000000
-0.000000	-0.000000
-0.000000	0.000000
-0.000000	-0.000000
-0.000000	-0.000000
-0.000000	-0.000000
-0.000000	0.000000
-0.000000	-0.000000
-0.000000	-0.000000
-0.000000	-0.000000
-0.000000	0.000000
-0.000000	-0.000000
-0.000000	-0.000000
-0.000000	-0.000000
-0.000000	0.000000
-0.000000	-0.000000
-0.000000	-0.000000
-0.000000	-0.000000
-0.000000	0.000000
-0.000000	-0.000000
-0.000000	-0.000000
-0.000000	0.000000
-0.000000	0.000000
-0.000000	-0.000000
-0.000000	-0.000000
-0.000000	-0.000000
-0.000000	0.000000
-0.000000	-0.000000
-0.000000	-0.000000
-0.000000	-0.000000
-0.000000	-0.000000
-0.000000	-0.000000
-0.000000	-0.000000
-0.000000	-0.000000
-0.000000	0.000000
-0.000000	-0.000000
-0.000000	-0.000000
-0.000000	-0.000000
-0.000000	0.000000
-0.000000	-0.000000
-0.000000	-0.000000
-0.000000	-0.000000
-0.000000	0.000000
-0.000000	-0.000000
-0.000000	-0.000000
-0.000000	0.000000
-0.000000	0.000000
-0.000000	-0.000000
-0.000000	-0.000000
-0.000000	0.000000
-0.000000	0.000000
-0.000000	0.000000
-0.000000	-0.000000
-0.000000	-0.000000
-0.000000	0.000000
-0.000000	-0.000000
-0.000000	-0.000000
-0.000000	-0.000000
-0.000000	0.000000
-0.000000	-0.000000
-0.000000	-0.000000
-0.000000	0.000000
-0.000000	0.000000
-0.000000	-0.000000
-0.000000	-0.000000
-0.000000	-0.000000
-0.000000	0.000000
-0.000000	-0.000000
-0.000000	-0.000000
-0.000000	-0.000000
-0.000000	0.000000
-0.000000	-0.000000
-0.000000	-0.000000
-0.000000	-0.000000
-0.000000	0.000000
-0.000000	-0.000000
-0.000000	-0.000000
-0.000000	-0.000000
-0.000000	-0.000000
-0.000000	-0.000000
-0.000000	-0.000000
-0.000000	-0.000000
-0.000000	0.000000
-0.000000	-0.000000
-0.000000	-0.000000
-0.000000	-0.000000
-0.000000	0.000000
-0.000000	-0.000000
-0.000000	-0.000000
-0.000000	-0.000000
-0.000000	0.000000
-0.000000	0.000000
-0.000000	-0.000000
-0.000000	-0.000000
-0.000000	0.000000
-0.000000	-0.000000
-0.000000	-0.000000
-0.000000	-0.000000
-0.000000	0.000000
-0.000000	-0.000000
-0.000000	-0.000000
-0.000000	-0.000000
-0.000000	0.000000
-0.000000	-0.000000
-0.000000	-0.000000
-0.000000	-0.000000
-0.000000	0.000000
-0.000000	0.000000
-0.000000	-0.000000
-0.000000	-0.000000
-0.000000	0.000000
-0.000000	-0.000000
-0.000000	-0.000000
-0.000000	0.000000
-0.000000	0.000000
-0.000000	-0.000000
-0.000000	-0.000000
-0.000000	-0.000000
-0.000000	-0.000000
-0.000000	-0.000000
-0.000000	-0.000000
-0.000000	0.000000
-0.000000	0.000000
-0.000000	-0.000000
-0.000000	-0.000000
-0.000000	-0.000000
-0.000000	0.000000
-0.000000	0.000000
-0.000000	-0.000000
-0.000000	0.000000
-0.000000	0.000000
-0.000000	0.000000
-0.000000	-0.000000
-0.000000	-0.000000
-0.000000	0.000000
-0.000000	0.000000
-0.000000	-0.000000
-0.000000	0.000000
-0.000000	0.000000
-0.000000	-0.000000
-0.000000	-0.000000
-0.000000	-0.000000
-0.000000	0.000000
-0.000000	0.000000
-0.000000	0.000000
-0.000000	-0.000000
-0.000000	0.000000
-0.000000	-0.000000
-0.000000	-0.000000
-0.000000	0.000000
-0.000000	0.000000
-0.000000	0.000000
-0.000000	0.000000
-0.000000	0.000000
-0.000000	0.000000
-0.000000	0.000000
-0.000000	-0.000000
-0.000000	-0.000000
-0.000000	0.000000
-0.000000	-0.000000
-0.000000	-0.000000
-0.000000	0.000000
-0.000000	0.000000
-0.000000	0.000000
-0.000000	0.000000
-0.000000	-0.000000
-0.000000	0.000000
-0.000000	-0.000000
-0.000000	-0.000000
-0.000000	-0.000000
-0.000000	-0.000000
-0.000000	-0.000000
-0.000000	-0.000000
-0.000000	-0.000000
-0.000000	-0.000000
-0.000000	-0.000000
-0.000000	-0.000000
-0.000000	-0.000000
-0.000000	0.000000
-0.000000	0.000000
-0.000000	-0.000000
-0.000000	0.000000
-0.000000	0.000000
-0.000000	-0.000000
-0.000000	-0.000000
-0.000000	-0.000000
-0.000000	0.000000
-0.000000	-0.000000
-0.000000	-0.000000
-0.000000	-0.000000
-0.000000	0.000000
-0.000000	-0.000000
-0.000000	-0.000000
-0.000000	-0.000000
-0.000000	0.000000
-0.000000	-0.000000
-0.000000	-0.000000
-0.000000	-0.000000
-0.000000	0.000000
-0.000000	-0.000000
-0.000000	-0.000000
-0.000000	-0.000000
-0.000000	0.000000
-0.000000	0.000000
-0.000000	-0.000000
-0.000000	0.000000
-0.000000	0.000000
-0.000000	-0.000000
-0.000000	-0.000000
-0.000000	-0.000000
-0.000000	0.000000
-0.000000	-0.000000
-0.000000	-0.000000
-0.000000	-0.000000
-0.000000	0.000000
-0.000000	-0.000000
-0.000000	-0.000000
-0.000000	-0.000000
-0.000000	0.000000
-0.000000	-0.000000
-0.000000	-0.000000
-0.000000	-0.000000
-0.000000	0.000000
-0.000000	0.000000
-0.000000	-0.000000
-0.000000	-0.000000
-0.000000	-0.000000
-0.000000	-0.000000
-0.000000	-0.000000
-0.000000	-0.000000
-0.000000	0.000000
-0.000000	-0.000000
-0.000000	-0.000000
-0.000000	0.000000
-0.000000	0.000000
-0.000000	-0.000000
-0.000000	-0.000000
-0.000000	-0.000000
-0.000000	-0.000000
