4096
0.000000	0.000000
0.392449	-0.055435
-0.253730	-0.188491
-0.178801	-0.466937
0.034632	-0.169807
-0.087838	0.044309
-0.139327	-0.012785
-0.043383	-0.033153
-0.007550	0.027946
-0.042440	0.047576
-0.037459	0.015621
0.019163	0.025868
0.003833	0.023068
-0.000103	0.001797
0.002996	-0.000017
0.001477	0.001077
-0.000204	-0.000068
0.000049	-0.000330
-0.000160	0.000071
-0.002359	0.002209
-0.002506	0.005660
-0.001656	0.005620
0.001242	0.005411
0.002462	0.004840
0.001396	0.004340
0.002753	0.002496
0.003166	0.001805
-0.002514	0.000434
-0.001609	0.001921
0.002009	0.001423
0.001463	-0.001109
-0.000981	-0.001517
-0.000070	0.001777
0.000145	0.001745
-0.001708	-0.000244
-0.001271	-0.001130
0.000558	0.001581
0.001514	0.000666
0.000497	0.001555
-0.000551	0.001514
0.000755	-0.000755
-0.000351	-0.000994
-0.000286	0.001002
-0.000154	-0.001018
-0.000268	0.000803
-0.000668	0.000371
-0.000749	-0.000094
0.000391	-0.000508
-0.000045	-0.000633
0.000001	-0.000004
-0.000010	0.000024
0.000006	-0.000046
0.000069	-0.000025
0.000063	0.000035
-0.000056	0.000045
0.000010	-0.000071
0.000123	-0.000082
-0.000144	0.000026
-0.000132	-0.000061
0.000141	-0.000030
0.000061	0.000129
-0.000139	0.000097
-0.000024	0.000167
0.000197	0.000039
0.000128	0.000410
-0.000084	-0.000418
0.000271	0.000325
-0.000388	-0.000162
0.000082	0.000409
0.000293	-0.000293
0.000386	0.000140
-0.000307	-0.000269
-0.000379	0.000758
0.000835	-0.000104
0.000486	0.000680
-0.000587	0.000587
0.000824	-0.000000
-0.000681	-0.000454
0.000224	-0.000782
0.000693	0.000416
0.000746	-0.000298
-0.000799	-0.000000
0.000710	-0.000355
-0.000000	0.000789
0.000665	-0.000416
-0.000774	-0.000097
0.000620	-0.000465
-0.000602	0.000481
0.000211	-0.000737
0.000762	0.000000
-0.000000	0.000758
-0.000731	-0.000183
0.000699	-0.000699
0.000879	0.000440
-0.000691	0.000691
0.000236	-0.000943
0.000943	-0.000218
0.000329	0.000904
-0.000377	-0.000880
0.000595	-0.000744
0.000935	0.000156
0.000350	0.000876
0.000664	-0.000664
0.000418	-0.000835
0.000797	0.000478
0.000414	0.000827
-0.000253	0.000885
0.000472	-0.000786
0.000909	0.000076
0.000090	0.000904
0.000501	-0.000752
0.000805	-0.000402
0.000785	0.000785
-0.000782	-0.000782
0.000302	-0.001059
0.001063	-0.000266
0.000772	-0.000772
-0.000000	-0.001087
-0.000000	-0.001082
-0.001078	-0.000000
0.000480	-0.000960
-0.000000	-0.001069
0.000886	0.000590
0.001060	0.000000
0.000472	-0.000944
-0.000926	-0.000499
0.000741	-0.000741
-0.000000	-0.001043
-0.000147	-0.001029
-0.000000	-0.001035
-0.000383	-0.000957
-0.000881	-0.000528
-0.000458	-0.000915
-0.000721	-0.000721
-0.000454	-0.000908
-0.000320	0.000960
-0.000915	-0.000422
0.000149	-0.000993
0.000915	0.000407
-0.000994	-0.000085
-0.000429	-0.000896
0.000988	0.000062
-0.000823	0.000545
-0.000895	-0.000408
0.000747	-0.000635
-0.000214	0.000953
-0.000886	0.000402
-0.000542	-0.000804
0.000632	0.000732
-0.000238	0.000934
-0.000494	0.000823
0.000588	0.000755
-0.000951	-0.000073
-0.000415	0.000855
-0.000837	0.000445
-0.000653	-0.000682
0.000639	-0.000691
-0.000369	0.000863
-0.000909	0.000223
-0.000679	-0.000640
0.000305	0.000878
-0.000437	0.000817
-0.000849	0.000364
0.000776	0.000496
0.000284	0.000873
0.000180	0.000898
0.000908	-0.000096
0.000775	0.000477
0.000642	0.000642
0.000887	-0.000177
0.000875	0.000219
0.000861	0.000344
0.000343	0.000859
0.000825	0.000412
0.000920	-0.000000
0.000870	0.000290
0.000818	0.000409
0.000894	-0.000179
0.000844	0.000338
0.000754	-0.000503
0.000639	-0.000639
0.000638	-0.000638
0.000804	-0.000402
0.000634	-0.000634
0.000894	0.000000
0.000631	-0.000631
0.000889	0.000000
0.000738	0.000492
0.000329	-0.000821
0.000800	-0.000373
0.000843	0.000253
-0.000368	-0.000797
0.000301	-0.000822
0.000758	-0.000433
-0.000849	-0.000196
-0.000444	-0.000747
0.000219	-0.000838
-0.000611	0.000611
-0.000861	0.000037
-0.000743	-0.000433
0.000714	0.000476
0.000475	-0.000712
-0.000854	-0.000000
-0.000217	-0.000823
0.000564	-0.000635
0.000839	-0.000116
-0.000722	-0.000440
-0.000262	-0.000802
0.000328	-0.000775
-0.000786	0.000295
-0.000772	-0.000324
-0.000188	-0.000814
0.000069	0.000830
-0.000626	0.000547
0.000586	-0.000586
0.000824	0.000075
0.000783	0.000261
0.000582	-0.000582
0.000705	-0.000423
0.000503	-0.000647
0.000590	-0.000787
0.000406	-0.000893
0.000393	-0.000864
0.000279	-0.000906
0.000144	-0.000934
0.000067	-0.000941
-0.000067	-0.000939
-0.000197	-0.000918
-0.000296	-0.000889
-0.000418	-0.000836
-0.000517	-0.000776
-0.000623	-0.000692
-0.000690	-0.000621
-0.000759	-0.000532
-0.000793	-0.000476
-0.000735	-0.000294
-0.000749	-0.000250
-0.000770	-0.000171
-0.000763	-0.000191
-0.000777	-0.000111
-0.000775	-0.000111
-0.000782	0.000000
-0.000780	0.000000
-0.000779	0.000000
-0.000777	0.000000
-0.000775	0.000000
-0.000774	0.000000
-0.000772	0.000000
-0.000661	0.000000
-0.000660	0.000000
-0.000658	0.000000
-0.000657	0.000000
-0.000656	0.000000
-0.000654	0.000000
-0.000653	0.000000
-0.000652	0.000000
-0.000651	0.000000
-0.000574	0.000000
-0.000573	0.000000
-0.000572	0.000000
-0.000571	0.000000
-0.000570	0.000000
-0.000569	0.000000
-0.000568	0.000000
-0.000567	0.000000
-0.000566	0.000000
-0.000565	0.000000
-0.000564	0.000000
-0.000562	0.000000
-0.000561	0.000000
-0.000560	0.000000
-0.000559	0.000000
-0.000558	0.000000
-0.000557	0.000000
-0.000556	0.000000
-0.000555	0.000000
-0.000554	0.000000
-0.000553	0.000000
-0.000552	0.000000
-0.000551	0.000000
-0.000550	0.000000
-0.000549	0.000000
-0.000548	0.000000
-0.000547	0.000000
-0.000483	0.000000
-0.000482	0.000000
-0.000482	0.000000
-0.000481	0.000000
-0.000480	0.000000
-0.000479	0.000000
-0.000478	0.000000
-0.000477	0.000000
-0.000477	0.000000
-0.000476	0.000000
-0.000475	0.000000
-0.000474	0.000000
-0.000473	0.000000
-0.000473	0.000000
-0.000472	0.000000
-0.000471	0.000000
-0.000470	0.000000
-0.000469	0.000000
-0.000469	0.000000
-0.000468	0.000000
-0.000467	0.000000
-0.000466	0.000000
-0.000466	0.000000
-0.000465	0.000000
-0.000464	0.000000
-0.000463	0.000000
-0.000463	0.000000
-0.000462	0.000000
-0.000461	0.000000
-0.000460	0.000000
-0.000460	0.000000
-0.000459	0.000000
-0.000458	0.000000
-0.000458	0.000000
-0.000457	0.000000
-0.000456	0.000000
-0.000455	0.000000
-0.000455	0.000000
-0.000454	0.000000
-0.000453	0.000000
-0.000453	0.000000
-0.000452	0.000000
-0.000451	0.000000
-0.000450	0.000000
-0.000450	0.000000
-0.000449	0.000000
-0.000448	0.000000
-0.000448	0.000000
-0.000447	0.000000
-0.000446	0.000000
-0.000446	0.000000
-0.000445	0.000000
-0.000444	0.000000
-0.000444	0.000000
-0.000443	0.000000
-0.000442	0.000000
-0.000442	0.000000
-0.000441	0.000000
-0.000441	0.000000
-0.000440	0.000000
-0.000439	0.000000
-0.000439	0.000000
-0.000438	0.000000
-0.000437	0.000000
-0.000437	0.000000
-0.000436	0.000000
-0.000435	0.000000
-0.000435	0.000000
-0.000434	0.000000
-0.000434	0.000000
-0.000433	0.000000
-0.000371	0.000000
-0.000370	0.000000
-0.000370	0.000000
-0.000369	0.000000
-0.000369	0.000000
-0.000368	0.000000
-0.000368	0.000000
-0.000367	0.000000
-0.000367	0.000000
-0.000366	0.000000
-0.000366	0.000000
-0.000365	0.000000
-0.000365	0.000000
-0.000364	0.000000
-0.000364	0.000000
-0.000363	0.000000
-0.000363	0.000000
-0.000362	0.000000
-0.000362	0.000000
-0.000361	0.000000
-0.000361	0.000000
-0.000360	0.000000
-0.000360	0.000000
-0.000359	0.000000
-0.000359	0.000000
-0.000359	0.000000
-0.000358	0.000000
-0.000358	0.000000
-0.000357	0.000000
-0.000357	0.000000
-0.000356	0.000000
-0.000356	0.000000
-0.000355	0.000000
-0.000355	0.000000
-0.000354	0.000000
-0.000354	0.000000
-0.000353	0.000000
-0.000353	0.000000
-0.000353	0.000000
-0.000352	0.000000
-0.000352	0.000000
-0.000351	0.000000
-0.000351	0.000000
-0.000350	0.000000
-0.000350	0.000000
-0.000349	0.000000
-0.000349	0.000000
-0.000349	0.000000
-0.000348	0.000000
-0.000348	0.000000
-0.000347	0.000000
-0.000347	0.000000
-0.000346	0.000000
-0.000346	0.000000
-0.000346	0.000000
-0.000345	0.000000
-0.000345	0.000000
-0.000344	0.000000
-0.000344	0.000000
-0.000344	0.000000
-0.000343	0.000000
-0.000343	0.000000
-0.000342	0.000000
-0.000342	0.000000
-0.000341	0.000000
-0.000341	0.000000
-0.000341	0.000000
-0.000340	0.000000
-0.000340	0.000000
-0.000339	0.000000
-0.000339	0.000000
-0.000339	0.000000
-0.000338	0.000000
-0.000338	0.000000
-0.000338	0.000000
-0.000337	0.000000
-0.000337	0.000000
-0.000336	0.000000
-0.000336	0.000000
-0.000336	0.000000
-0.000335	0.000000
-0.000335	0.000000
-0.000334	0.000000
-0.000334	0.000000
-0.000334	0.000000
-0.000333	0.000000
-0.000333	0.000000
-0.000294	0.000000
-0.000294	0.000000
-0.000293	0.000000
-0.000293	0.000000
-0.000293	0.000000
-0.000292	0.000000
-0.000292	0.000000
-0.000292	0.000000
-0.000291	0.000000
-0.000291	0.000000
-0.000291	0.000000
-0.000291	0.000000
-0.000290	0.000000
-0.000290	0.000000
-0.000290	0.000000
-0.000289	0.000000
-0.000289	0.000000
-0.000289	0.000000
-0.000288	0.000000
-0.000288	0.000000
-0.000288	0.000000
-0.000287	0.000000
-0.000287	0.000000
-0.000287	0.000000
-0.000286	0.000000
-0.000286	0.000000
-0.000286	0.000000
-0.000286	0.000000
-0.000285	0.000000
-0.000285	0.000000
-0.000285	0.000000
-0.000284	0.000000
-0.000284	0.000000
-0.000284	0.000000
-0.000283	0.000000
-0.000283	0.000000
-0.000283	0.000000
-0.000283	0.000000
-0.000282	0.000000
-0.000282	0.000000
-0.000282	0.000000
-0.000281	0.000000
-0.000281	0.000000
-0.000281	0.000000
-0.000281	0.000000
-0.000280	0.000000
-0.000280	0.000000
-0.000280	0.000000
-0.000279	0.000000
-0.000279	0.000000
-0.000279	0.000000
-0.000279	0.000000
-0.000278	0.000000
-0.000278	0.000000
-0.000278	0.000000
-0.000277	0.000000
-0.000277	0.000000
-0.000277	0.000000
-0.000277	0.000000
-0.000276	-0.000000
-0.000230	-0.000000
-0.000229	0.000000
-0.000229	0.000000
-0.000229	-0.000000
-0.000229	0.000000
-0.000228	0.000000
-0.000228	0.000000
-0.000228	0.000000
-0.000228	0.000000
-0.000228	0.000000
-0.000227	0.000000
-0.000227	0.000000
-0.000227	0.000000
-0.000227	0.000000
-0.000226	0.000000
-0.000226	0.000000
-0.000226	0.000000
-0.000226	0.000000
-0.000226	0.000000
-0.000225	0.000000
-0.000225	0.000000
-0.000225	0.000000
-0.000225	0.000000
-0.000225	0.000000
-0.000224	0.000000
-0.000224	0.000000
-0.000224	0.000000
-0.000224	0.000000
-0.000223	0.000000
-0.000223	0.000000
-0.000223	0.000000
-0.000223	0.000000
-0.000223	0.000000
-0.000222	0.000000
-0.000222	0.000000
-0.000222	0.000000
-0.000222	0.000000
-0.000222	0.000000
-0.000221	0.000000
-0.000221	0.000000
-0.000221	0.000000
-0.000221	0.000000
-0.000221	0.000000
-0.000220	0.000000
-0.000220	0.000000
-0.000220	0.000000
-0.000220	0.000000
-0.000220	0.000000
-0.000219	0.000000
-0.000219	0.000000
-0.000219	0.000000
-0.000219	0.000000
-0.000219	0.000000
-0.000218	0.000000
-0.000218	0.000000
-0.000218	0.000000
-0.000218	0.000000
-0.000218	0.000000
-0.000217	0.000000
-0.000217	0.000000
-0.000217	0.000000
-0.000186	0.000000
-0.000186	0.000000
-0.000186	0.000000
-0.000185	0.000000
-0.000185	0.000000
-0.000185	0.000000
-0.000185	0.000000
-0.000185	0.000000
-0.000185	0.000000
-0.000185	0.000000
-0.000184	0.000000
-0.000184	0.000000
-0.000184	0.000000
-0.000184	0.000000
-0.000184	0.000000
-0.000184	0.000000
-0.000183	0.000000
-0.000183	0.000000
-0.000183	0.000000
-0.000183	0.000000
-0.000183	0.000000
-0.000183	0.000000
-0.000182	0.000000
-0.000182	0.000000
-0.000182	0.000000
-0.000182	0.000000
-0.000182	0.000000
-0.000182	0.000000
-0.000182	0.000000
-0.000181	0.000000
-0.000181	0.000000
-0.000181	0.000000
-0.000181	0.000000
-0.000181	0.000000
-0.000181	0.000000
-0.000180	0.000000
-0.000180	0.000000
-0.000180	0.000000
-0.000180	0.000000
-0.000180	0.000000
-0.000180	0.000000
-0.000180	0.000000
-0.000179	0.000000
-0.000179	0.000000
-0.000179	0.000000
-0.000179	0.000000
-0.000179	0.000000
-0.000179	0.000000
-0.000179	0.000000
-0.000178	0.000000
-0.000178	0.000000
-0.000178	0.000000
-0.000178	0.000000
-0.000178	0.000000
-0.000178	0.000000
-0.000178	0.000000
-0.000177	0.000000
-0.000177	0.000000
-0.000177	0.000000
-0.000177	0.000000
-0.000177	0.000000
-0.000177	0.000000
-0.000177	0.000000
-0.000176	0.000000
-0.000176	0.000000
-0.000176	0.000000
-0.000176	0.000000
-0.000176	0.000000
-0.000176	0.000000
-0.000176	0.000000
-0.000175	0.000000
-0.000175	0.000000
-0.000175	0.000000
-0.000175	0.000000
-0.000175	0.000000
-0.000175	0.000000
-0.000175	0.000000
-0.000174	0.000000
-0.000174	0.000000
-0.000174	0.000000
-0.000174	0.000000
-0.000174	0.000000
-0.000174	0.000000
-0.000174	0.000000
-0.000174	0.000000
-0.000173	0.000000
-0.000173	0.000000
-0.000173	0.000000
-0.000173	0.000000
-0.000173	0.000000
-0.000173	0.000000
-0.000173	0.000000
-0.000172	0.000000
-0.000172	0.000000
-0.000172	0.000000
-0.000172	0.000000
-0.000172	0.000000
-0.000172	0.000000
-0.000172	0.000000
-0.000172	0.000000
-0.000171	0.000000
-0.000171	0.000000
-0.000171	0.000000
-0.000171	0.000000
-0.000171	0.000000
-0.000171	0.000000
-0.000171	0.000000
-0.000171	0.000000
-0.000170	0.000000
-0.000170	0.000000
-0.000170	0.000000
-0.000170	0.000000
-0.000170	0.000000
-0.000170	0.000000
-0.000170	0.000000
-0.000170	0.000000
-0.000169	0.000000
-0.000169	0.000000
-0.000169	0.000000
-0.000169	0.000000
-0.000169	0.000000
-0.000169	0.000000
-0.000169	0.000000
-0.000169	0.000000
-0.000168	0.000000
-0.000168	0.000000
-0.000132	0.000000
-0.000131	0.000000
-0.000131	0.000000
-0.000131	0.000000
-0.000131	0.000000
-0.000131	0.000000
-0.000131	0.000000
-0.000131	0.000000
-0.000131	0.000000
-0.000131	0.000000
-0.000131	0.000000
-0.000131	0.000000
-0.000130	0.000000
-0.000130	0.000000
-0.000130	0.000000
-0.000130	0.000000
-0.000130	0.000000
-0.000130	0.000000
-0.000130	0.000000
-0.000130	0.000000
-0.000130	0.000000
-0.000130	0.000000
-0.000130	0.000000
-0.000129	0.000000
-0.000129	0.000000
-0.000129	0.000000
-0.000129	0.000000
-0.000129	0.000000
-0.000129	0.000000
-0.000129	0.000000
-0.000129	0.000000
-0.000129	0.000000
-0.000129	0.000000
-0.000129	0.000000
-0.000128	0.000000
-0.000128	0.000000
-0.000128	0.000000
-0.000128	0.000000
-0.000128	0.000000
-0.000128	0.000000
-0.000128	0.000000
-0.000128	0.000000
-0.000128	0.000000
-0.000128	0.000000
-0.000128	0.000000
-0.000127	0.000000
-0.000127	0.000000
-0.000127	0.000000
-0.000127	0.000000
-0.000127	0.000000
-0.000127	0.000000
-0.000127	0.000000
-0.000127	0.000000
-0.000127	0.000000
-0.000127	0.000000
-0.000127	0.000000
-0.000127	0.000000
-0.000126	0.000000
-0.000126	0.000000
-0.000126	0.000000
-0.000126	0.000000
-0.000126	0.000000
-0.000126	0.000000
-0.000126	0.000000
-0.000126	0.000000
-0.000126	0.000000
-0.000126	0.000000
-0.000126	0.000000
-0.000126	0.000000
-0.000125	0.000000
-0.000125	0.000000
-0.000125	0.000000
-0.000125	0.000000
-0.000125	0.000000
-0.000125	0.000000
-0.000125	0.000000
-0.000125	0.000000
-0.000125	0.000000
-0.000125	0.000000
-0.000125	0.000000
-0.000125	0.000000
-0.000124	0.000000
-0.000124	0.000000
-0.000124	0.000000
-0.000124	0.000000
-0.000124	0.000000
-0.000124	0.000000
-0.000124	0.000000
-0.000124	0.000000
-0.000124	0.000000
-0.000124	0.000000
-0.000124	0.000000
-0.000124	0.000000
-0.000124	0.000000
-0.000123	0.000000
-0.000123	0.000000
-0.000123	0.000000
-0.000123	0.000000
-0.000123	0.000000
-0.000123	0.000000
-0.000123	0.000000
-0.000123	0.000000
-0.000123	0.000000
-0.000123	0.000000
-0.000123	0.000000
-0.000123	0.000000
-0.000122	0.000000
-0.000122	0.000000
-0.000122	0.000000
-0.000122	0.000000
-0.000122	0.000000
-0.000122	0.000000
-0.000122	0.000000
-0.000122	0.000000
-0.000122	0.000000
-0.000122	0.000000
-0.000122	0.000000
-0.000122	0.000000
-0.000122	0.000000
-0.000122	0.000000
-0.000121	0.000000
-0.000121	0.000000
-0.000121	0.000000
-0.000121	0.000000
-0.000121	0.000000
-0.000121	0.000000
-0.000121	0.000000
-0.000121	0.000000
-0.000121	0.000000
-0.000121	0.000000
-0.000121	0.000000
-0.000121	0.000000
-0.000121	0.000000
-0.000120	0.000000
-0.000120	0.000000
-0.000120	0.000000
-0.000120	0.000000
-0.000120	0.000000
-0.000120	0.000000
-0.000120	0.000000
-0.000120	0.000000
-0.000120	0.000000
-0.000120	0.000000
-0.000120	0.000000
-0.000120	0.000000
-0.000120	0.000000
-0.000120	0.000000
-0.000119	0.000000
-0.000119	0.000000
-0.000119	0.000000
-0.000119	0.000000
-0.000119	0.000000
-0.000119	0.000000
-0.000119	0.000000
-0.000119	0.000000
-0.000119	0.000000
-0.000119	0.000000
-0.000119	0.000000
-0.000119	0.000000
-0.000119	0.000000
-0.000119	0.000000
-0.000118	0.000000
-0.000105	0.000000
-0.000105	0.000000
-0.000105	0.000000
-0.000105	0.000000
-0.000104	0.000000
-0.000104	0.000000
-0.000104	0.000000
-0.000104	0.000000
-0.000104	0.000000
-0.000104	0.000000
-0.000104	0.000000
-0.000104	0.000000
-0.000104	0.000000
-0.000104	0.000000
-0.000104	0.000000
-0.000104	0.000000
-0.000104	0.000000
-0.000104	0.000000
-0.000104	0.000000
-0.000104	0.000000
-0.000104	0.000000
-0.000103	0.000000
-0.000103	0.000000
-0.000103	0.000000
-0.000103	0.000000
-0.000103	0.000000
-0.000103	0.000000
-0.000103	0.000000
-0.000103	0.000000
-0.000103	0.000000
-0.000103	0.000000
-0.000103	0.000000
-0.000103	0.000000
-0.000103	0.000000
-0.000103	0.000000
-0.000103	0.000000
-0.000103	0.000000
-0.000103	0.000000
-0.000102	0.000000
-0.000102	0.000000
-0.000102	0.000000
-0.000102	0.000000
-0.000102	0.000000
-0.000102	0.000000
-0.000102	0.000000
-0.000102	0.000000
-0.000102	0.000000
-0.000102	0.000000
-0.000102	0.000000
-0.000102	0.000000
-0.000102	0.000000
-0.000102	0.000000
-0.000102	0.000000
-0.000102	0.000000
-0.000102	0.000000
-0.000102	0.000000
-0.000101	0.000000
-0.000101	0.000000
-0.000101	0.000000
-0.000101	0.000000
-0.000101	0.000000
-0.000101	0.000000
-0.000101	0.000000
-0.000101	0.000000
-0.000101	0.000000
-0.000101	0.000000
-0.000101	0.000000
-0.000101	0.000000
-0.000101	0.000000
-0.000101	0.000000
-0.000101	0.000000
-0.000101	0.000000
-0.000101	0.000000
-0.000101	0.000000
-0.000100	0.000000
-0.000100	0.000000
-0.000100	0.000000
-0.000100	0.000000
-0.000100	0.000000
-0.000100	0.000000
-0.000100	0.000000
-0.000100	0.000000
-0.000100	0.000000
-0.000100	0.000000
-0.000100	0.000000
-0.000100	0.000000
-0.000100	0.000000
-0.000100	0.000000
-0.000100	0.000000
-0.000100	0.000000
-0.000100	0.000000
-0.000100	0.000000
-0.000100	0.000000
-0.000099	0.000000
-0.000099	0.000000
-0.000099	0.000000
-0.000099	0.000000
-0.000099	0.000000
-0.000099	0.000000
-0.000099	0.000000
-0.000099	0.000000
-0.000099	0.000000
-0.000099	0.000000
-0.000099	0.000000
-0.000099	0.000000
-0.000099	0.000000
-0.000099	0.000000
-0.000099	0.000000
-0.000099	0.000000
-0.000099	0.000000
-0.000099	0.000000
-0.000099	0.000000
-0.000098	0.000000
-0.000098	0.000000
-0.000098	0.000000
-0.000098	0.000000
-0.000098	0.000000
-0.000098	0.000000
-0.000098	0.000000
-0.000098	0.000000
-0.000098	0.000000
-0.000098	0.000000
-0.000098	0.000000
-0.000098	0.000000
-0.000098	0.000000
-0.000098	0.000000
-0.000098	0.000000
-0.000098	0.000000
-0.000098	0.000000
-0.000098	0.000000
-0.000098	0.000000
-0.000098	0.000000
-0.000097	0.000000
-0.000097	0.000000
-0.000097	0.000000
-0.000097	0.000000
-0.000097	0.000000
-0.000097	0.000000
-0.000097	0.000000
-0.000097	0.000000
-0.000097	0.000000
-0.000097	0.000000
-0.000097	0.000000
-0.000097	-0.000000
-0.000097	0.000000
-0.000097	0.000000
-0.000097	-0.000000
-0.000097	-0.000000
-0.000097	0.000000
-0.000097	0.000000
-0.000097	0.000000
-0.000097	0.000000
-0.000096	0.000000
-0.000096	0.000000
-0.000096	-0.000000
-0.000096	-0.000000
-0.000096	0.000000
-0.000096	0.000000
-0.000096	-0.000000
-0.000096	0.000000
-0.000096	0.000000
-0.000096	0.000000
-0.000096	-0.000000
-0.000096	0.000000
-0.000096	0.000000
-0.000096	0.000000
-0.000096	0.000000
-0.000096	0.000000
-0.000096	0.000000
-0.000096	0.000000
-0.000096	-0.000000
-0.000096	0.000000
-0.000096	0.000000
-0.000095	0.000000
-0.000095	0.000000
-0.000095	0.000000
-0.000095	0.000000
-0.000095	0.000000
-0.000095	0.000000
-0.000095	0.000000
-0.000095	0.000000
-0.000095	0.000000
-0.000095	0.000000
-0.000095	0.000000
-0.000095	0.000000
-0.000095	0.000000
-0.000072	0.000000
-0.000072	0.000000
-0.000072	0.000000
-0.000072	0.000000
-0.000072	0.000000
-0.000072	0.000000
-0.000072	0.000000
-0.000072	0.000000
-0.000072	0.000000
-0.000072	0.000000
-0.000072	0.000000
-0.000072	0.000000
-0.000072	0.000000
-0.000072	0.000000
-0.000072	0.000000
-0.000071	0.000000
-0.000071	0.000000
-0.000071	0.000000
-0.000071	0.000000
-0.000071	0.000000
-0.000071	0.000000
-0.000071	0.000000
-0.000071	0.000000
-0.000071	0.000000
-0.000071	0.000000
-0.000071	0.000000
-0.000071	0.000000
-0.000071	0.000000
-0.000071	-0.000000
-0.000071	0.000000
-0.000071	0.000000
-0.000071	0.000000
-0.000071	0.000000
-0.000071	0.000000
-0.000071	0.000000
-0.000071	0.000000
-0.000071	0.000000
-0.000071	-0.000000
-0.000071	0.000000
-0.000071	0.000000
-0.000071	0.000000
-0.000071	0.000000
-0.000071	0.000000
-0.000071	0.000000
-0.000071	0.000000
-0.000070	0.000000
-0.000070	0.000000
-0.000070	0.000000
-0.000070	0.000000
-0.000070	0.000000
-0.000070	0.000000
-0.000070	0.000000
-0.000070	0.000000
-0.000070	0.000000
-0.000070	0.000000
-0.000070	0.000000
-0.000070	0.000000
-0.000070	0.000000
-0.000070	0.000000
-0.000070	0.000000
-0.000070	0.000000
-0.000070	0.000000
-0.000070	0.000000
-0.000070	0.000000
-0.000070	0.000000
-0.000070	0.000000
-0.000070	0.000000
-0.000070	0.000000
-0.000070	-0.000000
-0.000070	0.000000
-0.000070	0.000000
-0.000070	0.000000
-0.000070	0.000000
-0.000070	0.000000
-0.000070	0.000000
-0.000070	0.000000
-0.000069	0.000000
-0.000069	0.000000
-0.000069	0.000000
-0.000069	0.000000
-0.000069	0.000000
-0.000069	0.000000
-0.000069	0.000000
-0.000069	0.000000
-0.000069	-0.000000
-0.000069	0.000000
-0.000069	0.000000
-0.000069	0.000000
-0.000069	0.000000
-0.000069	0.000000
-0.000069	0.000000
-0.000069	0.000000
-0.000069	0.000000
-0.000069	0.000000
-0.000069	0.000000
-0.000069	0.000000
-0.000069	0.000000
-0.000069	0.000000
-0.000069	0.000000
-0.000069	0.000000
-0.000069	0.000000
-0.000069	0.000000
-0.000069	0.000000
-0.000069	0.000000
-0.000069	0.000000
-0.000069	0.000000
-0.000069	0.000000
-0.000069	0.000000
-0.000069	-0.000000
-0.000068	0.000000
-0.000068	0.000000
-0.000068	0.000000
-0.000068	-0.000000
-0.000068	0.000000
-0.000068	0.000000
-0.000068	0.000000
-0.000068	0.000000
-0.000068	0.000000
-0.000068	0.000000
-0.000068	0.000000
-0.000068	0.000000
-0.000068	0.000000
-0.000068	0.000000
-0.000068	0.000000
-0.000068	0.000000
-0.000068	0.000000
-0.000068	0.000000
-0.000068	0.000000
-0.000068	0.000000
-0.000068	0.000000
-0.000068	0.000000
-0.000068	0.000000
-0.000068	0.000000
-0.000068	0.000000
-0.000068	0.000000
-0.000068	0.000000
-0.000068	0.000000
-0.000068	0.000000
-0.000068	0.000000
-0.000068	0.000000
-0.000068	0.000000
-0.000068	0.000000
-0.000068	0.000000
-0.000068	0.000000
-0.000053	0.000000
-0.000053	0.000000
-0.000053	0.000000
-0.000053	0.000000
-0.000053	0.000000
-0.000053	0.000000
-0.000053	0.000000
-0.000053	0.000000
-0.000053	0.000000
-0.000053	0.000000
-0.000053	0.000000
-0.000053	0.000000
-0.000053	0.000000
-0.000052	0.000000
-0.000052	0.000000
-0.000052	0.000000
-0.000052	-0.000000
-0.000052	0.000000
-0.000052	0.000000
-0.000052	0.000000
-0.000052	0.000000
-0.000052	-0.000000
-0.000052	0.000000
-0.000052	0.000000
-0.000052	-0.000000
-0.000052	0.000000
-0.000052	0.000000
-0.000052	0.000000
-0.000052	-0.000000
-0.000052	-0.000000
-0.000052	0.000000
-0.000052	0.000000
-0.000052	-0.000000
-0.000052	0.000000
-0.000052	0.000000
-0.000052	0.000000
-0.000052	-0.000000
-0.000052	0.000000
-0.000052	0.000000
-0.000052	0.000000
-0.000052	0.000000
-0.000052	0.000000
-0.000052	0.000000
-0.000052	0.000000
-0.000052	0.000000
-0.000052	0.000000
-0.000052	0.000000
-0.000052	0.000000
-0.000052	-0.000000
-0.000052	0.000000
-0.000052	0.000000
-0.000052	0.000000
-0.000052	-0.000000
-0.000052	0.000000
-0.000052	0.000000
-0.000052	0.000000
-0.000052	0.000000
-0.000052	0.000000
-0.000052	0.000000
-0.000052	0.000000
-0.000051	0.000000
-0.000051	0.000000
-0.000051	0.000000
-0.000051	0.000000
-0.000051	0.000000
-0.000051	0.000000
-0.000051	0.000000
-0.000051	0.000000
-0.000051	0.000000
-0.000051	0.000000
-0.000051	0.000000
-0.000051	0.000000
-0.000051	0.000000
-0.000051	0.000000
-0.000051	0.000000
-0.000051	0.000000
-0.000051	0.000000
-0.000051	0.000000
-0.000051	0.000000
-0.000051	0.000000
-0.000051	0.000000
-0.000051	0.000000
-0.000051	0.000000
-0.000051	0.000000
-0.000051	0.000000
-0.000051	0.000000
-0.000051	0.000000
-0.000051	0.000000
-0.000051	-0.000000
-0.000051	0.000000
-0.000051	0.000000
-0.000051	0.000000
-0.000051	-0.000000
-0.000051	-0.000000
-0.000051	0.000000
-0.000051	0.000000
-0.000051	0.000000
-0.000051	0.000000
-0.000051	-0.000000
-0.000051	0.000000
-0.000051	-0.000000
-0.000051	0.000000
-0.000051	0.000000
-0.000051	0.000000
-0.000051	-0.000000
-0.000051	0.000000
-0.000051	0.000000
-0.000051	0.000000
-0.000051	-0.000000
-0.000051	0.000000
-0.000050	0.000000
-0.000050	0.000000
-0.000050	0.000000
-0.000050	0.000000
-0.000050	0.000000
-0.000050	0.000000
-0.000050	0.000000
-0.000050	0.000000
-0.000050	0.000000
-0.000050	0.000000
-0.000050	0.000000
-0.000050	0.000000
-0.000050	0.000000
-0.000050	0.000000
-0.000050	-0.000000
-0.000050	0.000000
-0.000050	0.000000
-0.000050	0.000000
-0.000050	0.000000
-0.000050	0.000000
-0.000050	0.000000
-0.000050	0.000000
-0.000050	0.000000
-0.000050	0.000000
-0.000050	0.000000
-0.000050	0.000000
-0.000050	-0.000000
-0.000050	0.000000
-0.000050	0.000000
-0.000050	0.000000
-0.000050	0.000000
-0.000050	0.000000
-0.000050	0.000000
-0.000050	0.000000
-0.000050	0.000000
-0.000050	0.000000
-0.000050	0.000000
-0.000050	0.000000
-0.000050	-0.000000
-0.000050	0.000000
-0.000050	0.000000
-0.000050	0.000000
-0.000050	0.000000
-0.000050	0.000000
-0.000050	0.000000
-0.000050	0.000000
-0.000050	0.000000
-0.000050	0.000000
-0.000050	0.000000
-0.000050	0.000000
-0.000050	0.000000
-0.000050	0.000000
-0.000050	0.000000
-0.000049	0.000000
-0.000049	-0.000000
-0.000049	0.000000
-0.000049	0.000000
-0.000049	0.000000
-0.000049	0.000000
-0.000049	0.000000
-0.000049	0.000000
-0.000049	0.000000
-0.000049	0.000000
-0.000049	0.000000
-0.000049	0.000000
-0.000049	-0.000000
-0.000049	0.000000
-0.000049	0.000000
-0.000049	0.000000
-0.000049	-0.000000
-0.000049	-0.000000
-0.000049	0.000000
-0.000049	0.000000
-0.000049	0.000000
-0.000049	0.000000
-0.000049	0.000000
-0.000049	0.000000
-0.000049	0.000000
-0.000049	0.000000
-0.000049	0.000000
-0.000049	0.000000
-0.000049	0.000000
-0.000049	-0.000000
-0.000049	0.000000
-0.000049	0.000000
-0.000049	0.000000
-0.000049	0.000000
-0.000049	0.000000
-0.000049	0.000000
-0.000049	0.000000
-0.000049	-0.000000
-0.000049	0.000000
-0.000049	0.000000
-0.000049	0.000000
-0.000049	0.000000
-0.000049	0.000000
-0.000049	0.000000
-0.000049	0.000000
-0.000049	0.000000
-0.000049	0.000000
-0.000049	0.000000
-0.000049	0.000000
-0.000049	0.000000
-0.000049	0.000000
-0.000049	0.000000
-0.000049	0.000000
-0.000049	0.000000
-0.000049	0.000000
-0.000049	0.000000
-0.000048	-0.000000
-0.000048	0.000000
-0.000048	-0.000000
-0.000048	0.000000
-0.000048	-0.000000
-0.000048	-0.000000
-0.000048	0.000000
-0.000048	0.000000
-0.000048	0.000000
-0.000048	-0.000000
-0.000048	-0.000000
-0.000048	0.000000
-0.000048	0.000000
-0.000048	0.000000
-0.000048	0.000000
-0.000048	0.000000
-0.000048	0.000000
-0.000048	0.000000
-0.000048	0.000000
-0.000048	0.000000
-0.000048	0.000000
-0.000048	0.000000
-0.000048	0.000000
-0.000048	0.000000
-0.000048	0.000000
-0.000048	-0.000000
-0.000048	0.000000
-0.000048	0.000000
-0.000048	0.000000
-0.000048	-0.000000
-0.000048	0.000000
-0.000048	0.000000
-0.000048	0.000000
-0.000048	-0.000000
-0.000048	0.000000
-0.000048	0.000000
-0.000048	0.000000
-0.000048	0.000000
-0.000048	0.000000
-0.000048	0.000000
-0.000048	0.000000
-0.000048	-0.000000
-0.000048	0.000000
-0.000048	0.000000
-0.000048	0.000000
-0.000048	0.000000
-0.000048	-0.000000
-0.000048	0.000000
-0.000048	0.000000
-0.000048	0.000000
-0.000048	0.000000
-0.000048	0.000000
-0.000048	0.000000
-0.000048	0.000000
-0.000048	0.000000
-0.000048	0.000000
-0.000048	0.000000
-0.000048	0.000000
-0.000048	0.000000
-0.000048	0.000000
-0.000047	0.000000
-0.000047	0.000000
-0.000047	0.000000
-0.000047	0.000000
-0.000047	0.000000
-0.000047	-0.000000
-0.000047	0.000000
-0.000047	0.000000
-0.000047	0.000000
-0.000047	-0.000000
-0.000047	0.000000
-0.000047	0.000000
-0.000047	0.000000
-0.000047	-0.000000
-0.000047	-0.000000
-0.000047	0.000000
-0.000047	-0.000000
-0.000047	0.000000
-0.000047	0.000000
-0.000047	0.000000
-0.000047	0.000000
-0.000047	0.000000
-0.000047	0.000000
-0.000047	0.000000
-0.000047	0.000000
-0.000047	0.000000
-0.000047	0.000000
-0.000047	0.000000
-0.000047	0.000000
-0.000047	0.000000
-0.000047	0.000000
-0.000047	0.000000
-0.000047	0.000000
-0.000025	0.000000
-0.000025	0.000000
-0.000025	0.000000
-0.000025	0.000000
-0.000025	-0.000000
-0.000025	-0.000000
-0.000025	0.000000
-0.000025	0.000000
-0.000025	0.000000
-0.000025	0.000000
-0.000025	0.000000
-0.000025	0.000000
-0.000025	-0.000000
-0.000025	-0.000000
-0.000025	0.000000
-0.000025	0.000000
-0.000025	0.000000
-0.000025	0.000000
-0.000025	0.000000
-0.000025	0.000000
-0.000025	-0.000000
-0.000025	0.000000
-0.000025	0.000000
-0.000025	0.000000
-0.000025	0.000000
-0.000025	-0.000000
-0.000025	0.000000
-0.000025	0.000000
-0.000025	0.000000
-0.000025	0.000000
-0.000025	0.000000
-0.000025	0.000000
-0.000025	-0.000000
-0.000025	0.000000
-0.000025	0.000000
-0.000025	0.000000
-0.000025	-0.000000
-0.000025	-0.000000
-0.000025	0.000000
-0.000025	0.000000
-0.000025	0.000000
-0.000025	-0.000000
-0.000025	-0.000000
-0.000025	0.000000
-0.000025	-0.000000
-0.000025	0.000000
-0.000025	0.000000
-0.000025	-0.000000
-0.000025	-0.000000
-0.000025	0.000000
-0.000025	0.000000
-0.000025	0.000000
-0.000025	0.000000
-0.000025	-0.000000
-0.000025	0.000000
-0.000025	-0.000000
-0.000025	-0.000000
-0.000025	0.000000
-0.000025	0.000000
-0.000025	0.000000
-0.000025	0.000000
-0.000025	0.000000
-0.000025	0.000000
-0.000025	0.000000
-0.000025	0.000000
-0.000025	0.000000
-0.000025	0.000000
-0.000025	0.000000
-0.000025	-0.000000
-0.000025	0.000000
-0.000025	0.000000
-0.000025	-0.000000
-0.000025	0.000000
-0.000025	0.000000
-0.000025	0.000000
-0.000025	0.000000
-0.000025	0.000000
-0.000025	0.000000
-0.000025	0.000000
-0.000025	-0.000000
-0.000025	-0.000000
-0.000025	-0.000000
-0.000025	-0.000000
-0.000025	-0.000000
-0.000025	0.000000
-0.000025	-0.000000
-0.000025	-0.000000
-0.000025	-0.000000
-0.000025	0.000000
-0.000025	0.000000
-0.000025	0.000000
-0.000025	0.000000
-0.000025	-0.000000
-0.000025	0.000000
-0.000025	0.000000
-0.000025	0.000000
-0.000025	-0.000000
-0.000025	-0.000000
-0.000025	0.000000
-0.000025	0.000000
-0.000025	-0.000000
-0.000025	0.000000
-0.000025	0.000000
-0.000025	0.000000
-0.000025	0.000000
-0.000025	-0.000000
-0.000025	-0.000000
-0.000025	0.000000
-0.000025	-0.000000
-0.000025	0.000000
-0.000025	0.000000
-0.000025	0.000000
-0.000025	0.000000
-0.000025	-0.000000
-0.000024	0.000000
-0.000024	0.000000
-0.000024	-0.000000
-0.000024	0.000000
-0.000024	0.000000
-0.000024	0.000000
-0.000024	-0.000000
-0.000024	0.000000
-0.000024	0.000000
-0.000024	0.000000
-0.000024	0.000000
-0.000024	0.000000
-0.000024	0.000000
-0.000024	0.000000
-0.000024	0.000000
-0.000024	0.000000
-0.000024	0.000000
-0.000024	0.000000
-0.000024	0.000000
-0.000024	0.000000
-0.000024	0.000000
-0.000024	0.000000
-0.000024	0.000000
-0.000024	-0.000000
-0.000024	-0.000000
-0.000024	0.000000
-0.000024	0.000000
-0.000024	0.000000
-0.000024	0.000000
-0.000024	-0.000000
-0.000024	-0.000000
-0.000024	0.000000
-0.000024	0.000000
-0.000024	0.000000
-0.000024	0.000000
-0.000024	0.000000
-0.000024	0.000000
-0.000024	-0.000000
-0.000024	-0.000000
-0.000024	0.000000
-0.000024	0.000000
-0.000024	-0.000000
-0.000024	0.000000
-0.000024	0.000000
-0.000024	0.000000
-0.000024	0.000000
-0.000024	-0.000000
-0.000024	0.000000
-0.000024	0.000000
-0.000024	0.000000
-0.000024	-0.000000
-0.000024	-0.000000
-0.000024	0.000000
-0.000024	-0.000000
-0.000024	0.000000
-0.000024	-0.000000
-0.000024	0.000000
-0.000024	0.000000
-0.000024	-0.000000
-0.000024	-0.000000
-0.000024	-0.000000
-0.000024	0.000000
-0.000024	0.000000
-0.000024	0.000000
-0.000024	0.000000
-0.000024	0.000000
-0.000024	-0.000000
-0.000024	0.000000
-0.000024	0.000000
-0.000024	0.000000
-0.000024	-0.000000
-0.000024	0.000000
-0.000024	0.000000
-0.000024	0.000000
-0.000024	-0.000000
-0.000024	-0.000000
-0.000024	0.000000
-0.000024	0.000000
-0.000024	-0.000000
-0.000024	0.000000
-0.000024	0.000000
-0.000024	0.000000
-0.000024	0.000000
-0.000024	0.000000
-0.000024	0.000000
-0.000024	0.000000
-0.000024	0.000000
-0.000024	-0.000000
-0.000024	0.000000
-0.000024	0.000000
-0.000024	-0.000000
-0.000024	0.000000
-0.000024	0.000000
-0.000024	-0.000000
-0.000024	-0.000000
-0.000024	0.000000
-0.000024	0.000000
-0.000024	0.000000
-0.000024	-0.000000
-0.000024	0.000000
-0.000024	-0.000000
-0.000024	0.000000
-0.000024	-0.000000
-0.000024	0.000000
-0.000024	0.000000
-0.000024	0.000000
-0.000024	-0.000000
-0.000024	0.000000
-0.000024	0.000000
-0.000024	0.000000
-0.000024	0.000000
-0.000024	0.000000
-0.000024	0.000000
-0.000024	0.000000
-0.000024	-0.000000
-0.000024	0.000000
-0.000024	0.000000
-0.000024	0.000000
-0.000024	-0.000000
-0.000024	-0.000000
-0.000024	0.000000
-0.000024	0.000000
-0.000024	-0.000000
-0.000024	0.000000
-0.000024	0.000000
-0.000024	0.000000
-0.000024	-0.000000
-0.000024	0.000000
-0.000024	0.000000
-0.000024	0.000000
-0.000024	-0.000000
-0.000024	0.000000
-0.000024	0.000000
-0.000024	0.000000
-0.000024	0.000000
-0.000024	-0.000000
-0.000024	0.000000
-0.000024	0.000000
-0.000024	-0.000000
-0.000024	0.000000
-0.000023	0.000000
-0.000023	0.000000
-0.000023	0.000000
-0.000023	0.000000
-0.000023	0.000000
-0.000023	0.000000
-0.000023	0.000000
-0.000023	0.000000
-0.000023	-0.000000
-0.000023	-0.000000
-0.000023	-0.000000
-0.000023	0.000000
-0.000023	0.000000
-0.000023	0.000000
-0.000023	0.000000
-0.000023	0.000000
-0.000023	-0.000000
-0.000023	-0.000000
-0.000023	-0.000000
-0.000023	-0.000000
-0.000023	-0.000000
-0.000023	0.000000
-0.000023	-0.000000
-0.000023	0.000000
-0.000023	0.000000
-0.000023	0.000000
-0.000023	-0.000000
-0.000023	-0.000000
-0.000023	0.000000
-0.000023	0.000000
-0.000023	0.000000
-0.000023	-0.000000
-0.000023	0.000000
-0.000023	-0.000000
-0.000023	-0.000000
-0.000023	-0.000000
-0.000023	0.000000
-0.000023	0.000000
-0.000023	-0.000000
-0.000023	-0.000000
-0.000023	0.000000
-0.000023	0.000000
-0.000023	-0.000000
-0.000023	0.000000
-0.000023	0.000000
-0.000023	0.000000
-0.000023	-0.000000
-0.000023	0.000000
-0.000023	0.000000
-0.000023	0.000000
-0.000023	0.000000
-0.000023	-0.000000
-0.000023	-0.000000
-0.000023	0.000000
-0.000023	-0.000000
-0.000023	0.000000
-0.000023	0.000000
-0.000023	0.000000
-0.000023	-0.000000
-0.000023	0.000000
-0.000023	0.000000
-0.000023	0.000000
-0.000023	-0.000000
-0.000023	0.000000
-0.000023	0.000000
-0.000023	0.000000
-0.000023	-0.000000
-0.000023	0.000000
-0.000023	0.000000
-0.000023	-0.000000
-0.000023	-0.000000
-0.000023	0.000000
-0.000023	0.000000
-0.000023	0.000000
-0.000023	-0.000000
-0.000023	0.000000
-0.000023	0.000000
-0.000023	0.000000
-0.000023	-0.000000
-0.000023	-0.000000
-0.000023	0.000000
-0.000023	0.000000
-0.000023	-0.000000
-0.000023	-0.000000
-0.000023	0.000000
-0.000023	0.000000
-0.000023	0.000000
-0.000023	-0.000000
-0.000023	0.000000
-0.000023	-0.000000
-0.000023	-0.000000
-0.000023	0.000000
-0.000023	0.000000
-0.000023	0.000000
-0.000023	-0.000000
-0.000023	0.000000
-0.000023	0.000000
-0.000023	0.000000
-0.000023	-0.000000
-0.000023	0.000000
-0.000023	0.000000
-0.000023	0.000000
-0.000023	-0.000000
-0.000023	0.000000
-0.000023	0.000000
-0.000023	-0.000000
-0.000023	-0.000000
-0.000023	0.000000
-0.000023	0.000000
-0.000023	0.000000
-0.000023	-0.000000
-0.000023	-0.000000
-0.000023	0.000000
-0.000023	-0.000000
-0.000023	-0.000000
-0.000023	0.000000
-0.000023	0.000000
-0.000023	0.000000
-0.000023	-0.000000
-0.000023	0.000000
-0.000023	0.000000
-0.000023	-0.000000
-0.000023	-0.000000
-0.000023	-0.000000
-0.000023	0.000000
-0.000023	0.000000
-0.000023	-0.000000
-0.000023	0.000000
-0.000023	0.000000
-0.000023	0.000000
-0.000023	-0.000000
-0.000023	0.000000
-0.000023	-0.000000
-0.000023	0.000000
-0.000023	0.000000
-0.000023	0.000000
-0.000023	0.000000
-0.000023	0.000000
-0.000023	0.000000
-0.000023	0.000000
-0.000023	0.000000
-0.000023	0.000000
-0.000023	-0.000000
-0.000023	-0.000000
-0.000023	0.000000
-0.000023	0.000000
-0.000023	-0.000000
-0.000023	0.000000
-0.000023	0.000000
-0.000023	0.000000
-0.000023	-0.000000
-0.000023	0.000000
-0.000023	0.000000
-0.000023	-0.000000
-0.000023	-0.000000
-0.000023	0.000000
-0.000023	-0.000000
-0.000023	0.000000
-0.000023	-0.000000
-0.000023	0.000000
-0.000022	0.000000
-0.000022	0.000000
-0.000022	-0.000000
-0.000022	-0.000000
-0.000022	0.000000
-0.000022	-0.000000
-0.000022	-0.000000
-0.000022	0.000000
-0.000022	0.000000
-0.000022	0.000000
-0.000022	-0.000000
-0.000022	-0.000000
-0.000022	0.000000
-0.000022	-0.000000
-0.000022	-0.000000
-0.000022	-0.000000
-0.000022	-0.000000
-0.000022	-0.000000
-0.000022	-0.000000
-0.000022	-0.000000
-0.000022	0.000000
-0.000022	0.000000
-0.000022	-0.000000
-0.000022	0.000000
-0.000022	0.000000
-0.000022	0.000000
-0.000022	-0.000000
-0.000022	-0.000000
-0.000022	0.000000
-0.000022	-0.000000
-0.000022	-0.000000
-0.000022	-0.000000
-0.000022	0.000000
-0.000022	0.000000
-0.000022	-0.000000
-0.000022	-0.000000
-0.000022	0.000000
-0.000022	-0.000000
-0.000022	0.000000
-0.000022	0.000000
-0.000022	0.000000
-0.000022	0.000000
-0.000022	0.000000
-0.000022	0.000000
-0.000022	0.000000
-0.000022	-0.000000
-0.000022	-0.000000
-0.000022	0.000000
-0.000022	0.000000
-0.000022	-0.000000
-0.000022	-0.000000
-0.000022	0.000000
-0.000022	0.000000
-0.000022	-0.000000
-0.000022	0.000000
-0.000022	0.000000
-0.000022	0.000000
-0.000022	-0.000000
-0.000022	-0.000000
-0.000022	0.000000
-0.000022	0.000000
-0.000022	-0.000000
-0.000022	-0.000000
-0.000022	0.000000
-0.000022	0.000000
-0.000022	-0.000000
-0.000022	-0.000000
-0.000022	0.000000
-0.000022	0.000000
-0.000022	0.000000
-0.000022	-0.000000
-0.000022	0.000000
-0.000022	-0.000000
-0.000022	0.000000
-0.000022	-0.000000
-0.000022	-0.000000
-0.000022	-0.000000
-0.000022	0.000000
-0.000022	-0.000000
-0.000022	0.000000
-0.000022	0.000000
-0.000022	0.000000
-0.000022	-0.000000
-0.000022	-0.000000
-0.000022	-0.000000
-0.000022	0.000000
-0.000022	-0.000000
-0.000022	0.000000
-0.000022	0.000000
-0.000022	0.000000
-0.000022	-0.000000
-0.000022	-0.000000
-0.000022	0.000000
-0.000022	-0.000000
-0.000022	-0.000000
-0.000022	-0.000000
-0.000022	0.000000
-0.000022	0.000000
-0.000022	-0.000000
-0.000022	-0.000000
-0.000022	0.000000
-0.000022	0.000000
-0.000022	-0.000000
-0.000022	0.000000
-0.000022	0.000000
-0.000022	0.000000
-0.000022	0.000000
-0.000022	0.000000
-0.000022	0.000000
-0.000022	-0.000000
-0.000022	-0.000000
-0.000022	0.000000
-0.000022	0.000000
-0.000022	0.000000
-0.000022	-0.000000
-0.000022	0.000000
-0.000022	-0.000000
-0.000022	0.000000
-0.000022	-0.000000
-0.000022	0.000000
-0.000022	0.000000
-0.000022	-0.000000
-0.000022	-0.000000
-0.000022	-0.000000
-0.000022	0.000000
-0.000022	-0.000000
-0.000022	-0.000000
-0.000022	-0.000000
-0.000022	0.000000
-0.000022	-0.000000
-0.000022	-0.000000
-0.000022	0.000000
-0.000022	0.000000
-0.000022	0.000000
-0.000022	0.000000
-0.000022	0.000000
-0.000022	-0.000000
-0.000022	0.000000
-0.000022	0.000000
-0.000022	0.000000
-0.000022	0.000000
