4096
0.000000	0.000000
0.246738	-0.011959
0.083890	0.106385
0.095378	0.027196
0.087885	0.040770
0.165621	0.010807
0.287369	-0.176320
-0.328845	-0.376644
-0.099613	0.052966
-0.198535	0.242678
0.260484	0.322558
0.012771	-0.029071
0.013351	-0.017862
0.006221	-0.018765
0.003106	-0.010794
0.000629	-0.010157
-0.003591	-0.004212
-0.002876	-0.001923
-0.003527	-0.002589
-0.002975	-0.000607
-0.002648	-0.001983
-0.006996	-0.000421
-0.004165	-0.001835
-0.004266	0.003069
-0.000731	0.005389
0.003727	0.012023
0.018167	0.003422
0.012018	-0.013914
-0.017044	-0.008548
-0.004816	0.007815
-0.001255	0.002234
-0.002032	0.003867
0.000272	0.000488
-0.001849	0.000824
0.004334	-0.002685
0.000773	-0.000085
-0.000690	-0.002967
-0.000207	-0.000125
0.000136	-0.000831
-0.000108	-0.000192
0.000508	-0.000222
-0.000701	-0.003892
-0.000958	0.000474
-0.004677	-0.002069
0.002005	0.001899
-0.001925	0.001648
-0.001450	-0.000490
-0.002212	0.001615
-0.001163	-0.000309
-0.000227	-0.000211
0.000182	-0.000327
-0.000448	-0.000702
0.000152	0.000325
-0.000316	-0.000152
-0.000054	0.000048
-0.000193	0.000011
-0.000170	0.000152
-0.000138	-0.000106
-0.000179	-0.000003
0.000059	-0.000063
0.000017	0.000026
0.000008	-0.000104
0.000252	-0.000479
0.000382	-0.000528
-0.000319	-0.000551
0.000020	-0.000202
-0.000087	-0.000240
0.000020	-0.000079
-0.000024	-0.000078
-0.000002	0.000053
0.000044	-0.000058
-0.000131	0.000163
0.000145	0.000573
-0.000581	-0.000025
-0.000182	0.000171
-0.001087	-0.001189
-0.000746	0.000385
-0.002759	-0.000574
-0.001195	-0.000608
-0.002868	-0.000859
-0.000729	-0.000660
-0.002915	-0.000638
0.000325	-0.002096
-0.001489	-0.000233
0.000419	-0.002119
-0.000322	0.000081
0.000054	-0.001687
-0.000200	-0.000175
0.000032	-0.000590
0.000071	0.000237
0.000196	0.000237
-0.000127	0.000232
0.000355	0.000473
-0.000328	0.000578
0.000518	0.000560
-0.000280	0.000534
0.000620	0.000858
-0.000360	0.001336
0.000553	0.000692
-0.000153	0.001099
0.000088	0.000203
0.000227	-0.000084
0.000454	-0.000032
-0.000071	-0.000114
0.000200	-0.000094
-0.000214	-0.000085
0.000326	-0.000034
-0.000430	-0.000303
0.000123	0.000267
-0.000226	0.000139
0.000094	-0.000143
-0.000102	0.000062
-0.000003	-0.000023
-0.000096	-0.000049
0.000084	-0.000084
0.000037	-0.000129
-0.000107	-0.000141
-0.000201	-0.000123
0.000152	0.000102
-0.000300	0.000171
-0.000197	-0.000007
-0.000083	0.000123
0.000063	0.000116
-0.000092	0.000120
0.000009	0.000003
-0.000076	0.000098
-0.000057	0.000055
0.000094	-0.000044
0.000096	-0.000258
-0.000071	-0.000552
-0.000529	-0.000945
-0.000336	-0.000280
-0.000661	-0.000222
-0.000637	-0.000038
-0.001247	-0.000132
-0.000167	-0.000249
-0.001025	0.000880
-0.001483	0.000518
0.000107	0.001033
-0.000321	0.000874
-0.000251	0.000496
0.000186	0.000873
0.000315	0.000276
-0.000163	-0.000206
-0.000102	-0.000785
-0.001242	-0.000948
-0.001912	-0.000148
-0.000113	0.001179
0.000724	0.000101
0.000790	-0.000833
0.000078	-0.000357
-0.000061	-0.000168
0.000077	-0.000115
-0.000069	-0.000072
0.000050	-0.000116
0.000002	-0.000215
-0.000077	-0.000148
-0.000168	-0.000118
0.000073	0.000104
0.000044	0.000058
0.000047	-0.000093
0.000093	-0.000217
-0.000101	-0.000153
-0.000012	-0.000159
-0.000048	-0.000116
-0.000033	-0.000134
0.000034	-0.000078
-0.000304	-0.000215
-0.000188	-0.000206
-0.000116	0.000099
-0.000167	-0.000054
-0.000096	-0.000095
-0.000298	0.000029
-0.000044	-0.000054
-0.000107	0.000009
-0.000036	-0.000064
-0.000012	-0.000038
0.000043	-0.000046
0.000191	-0.000145
-0.000126	-0.000362
-0.000011	-0.000140
0.000100	-0.000172
0.000098	-0.000209
-0.000021	-0.000191
-0.000129	-0.000257
-0.000016	-0.000252
-0.000182	-0.000234
-0.000203	-0.000525
-0.000249	-0.000260
-0.000452	-0.000337
-0.000216	0.000005
-0.000162	0.000083
0.000092	0.000142
0.000246	-0.000229
-0.000028	-0.000192
-0.000214	0.000069
0.000035	0.000069
0.000038	0.000006
-0.000032	-0.000001
-0.000037	-0.000011
-0.000015	0.000027
-0.000010	0.000008
-0.000011	0.000009
-0.000040	0.000003
-0.000014	0.000004
-0.000020	0.000022
-0.000031	0.000025
-0.000023	0.000040
-0.000012	0.000038
-0.000000	0.000034
-0.000000	0.000036
0.000004	0.000037
0.000008	0.000033
0.000014	0.000028
0.000015	0.000026
0.000016	0.000023
0.000018	0.000020
0.000019	0.000016
0.000019	0.000012
0.000017	0.000009
0.000016	0.000008
0.000015	0.000006
0.000014	0.000005
0.000012	0.000003
0.000011	0.000004
0.000010	0.000003
0.000010	0.000003
0.000009	0.000002
0.000008	0.000003
0.000008	0.000003
0.000008	0.000002
0.000007	0.000002
0.000006	0.000002
0.000007	0.000003
0.000007	0.000002
0.000006	0.000002
0.000005	0.000002
0.000006	0.000002
0.000006	0.000002
0.000005	0.000001
0.000005	0.000002
0.000005	0.000002
0.000005	0.000002
0.000004	0.000001
0.000004	0.000002
0.000004	0.000002
0.000005	0.000001
0.000004	0.000001
0.000004	0.000001
0.000004	0.000002
0.000004	0.000001
0.000004	0.000001
0.000003	0.000001
0.000004	0.000002
0.000004	0.000001
0.000003	0.000001
0.000003	0.000001
0.000003	0.000002
0.000004	0.000001
0.000003	0.000001
0.000003	0.000001
0.000003	0.000001
0.000003	0.000001
0.000003	0.000001
0.000003	0.000001
0.000003	0.000001
0.000003	0.000001
0.000003	0.000001
0.000002	0.000001
0.000003	0.000001
0.000003	0.000001
0.000003	0.000001
0.000002	0.000001
0.000003	0.000001
0.000003	0.000001
0.000002	0.000001
0.000002	0.000001
0.000002	0.000001
0.000003	0.000001
0.000002	0.000001
0.000002	0.000001
0.000002	0.000001
0.000003	0.000001
0.000002	0.000000
0.000002	0.000001
0.000002	0.000001
0.000002	0.000001
0.000002	0.000000
0.000002	0.000001
0.000002	0.000001
0.000002	0.000001
0.000002	0.000000
0.000002	0.000001
0.000002	0.000001
0.000002	0.000001
0.000002	0.000000
0.000002	0.000001
0.000002	0.000001
0.000002	0.000001
0.000002	0.000000
0.000002	0.000001
0.000002	0.000001
0.000002	0.000001
0.000002	0.000000
0.000001	0.000001
0.000002	0.000001
0.000002	0.000001
0.000002	0.000000
0.000001	0.000001
0.000002	0.000001
0.000002	0.000001
0.000002	0.000000
0.000001	0.000001
0.000002	0.000001
0.000002	0.000000
0.000002	0.000000
0.000001	0.000001
0.000002	0.000001
0.000002	0.000000
0.000001	0.000000
0.000001	0.000001
0.000001	0.000001
0.000002	0.000000
0.000001	0.000000
0.000001	0.000000
0.000001	0.000001
0.000002	0.000000
0.000001	0.000000
0.000001	0.000000
0.000001	0.000001
0.000002	0.000000
0.000001	0.000000
0.000001	0.000000
0.000001	0.000001
0.000002	0.000000
0.000001	0.000000
0.000001	0.000000
0.000001	0.000001
0.000001	0.000000
0.000001	0.000000
0.000001	0.000000
0.000001	0.000001
0.000001	0.000000
0.000001	0.000000
0.000001	0.000000
0.000001	0.000001
0.000001	0.000000
0.000001	0.000000
0.000001	0.000000
0.000001	0.000001
0.000001	0.000000
0.000001	0.000000
0.000001	0.000000
0.000001	0.000001
0.000001	0.000000
0.000001	0.000000
0.000001	0.000000
0.000001	0.000001
0.000001	0.000000
0.000001	0.000000
0.000001	0.000000
0.000001	0.000001
0.000001	0.000000
0.000001	0.000000
0.000001	0.000000
0.000001	0.000000
0.000001	0.000000
0.000001	0.000000
0.000001	0.000000
0.000001	0.000000
0.000001	0.000000
0.000001	0.000000
0.000001	0.000000
0.000001	0.000000
0.000001	0.000000
0.000001	0.000000
0.000001	0.000000
0.000001	0.000000
0.000001	0.000000
0.000001	0.000000
0.000001	0.000000
0.000001	0.000000
0.000001	0.000000
0.000001	0.000000
0.000001	0.000000
0.000001	0.000000
0.000001	0.000000
0.000001	0.000000
0.000001	0.000000
0.000001	0.000000
0.000001	0.000000
0.000001	0.000000
0.000001	0.000000
0.000001	0.000000
0.000001	0.000000
0.000001	0.000000
0.000001	0.000000
0.000001	0.000000
0.000001	0.000000
0.000001	0.000000
0.000001	0.000000
0.000001	0.000000
0.000001	0.000000
0.000001	0.000000
0.000001	0.000000
0.000001	0.000000
0.000001	0.000000
0.000001	0.000000
0.000001	0.000000
0.000001	0.000000
0.000001	0.000000
0.000001	0.000000
0.000001	0.000000
0.000001	0.000000
0.000001	0.000000
0.000001	0.000000
0.000001	0.000000
0.000001	0.000000
0.000001	0.000000
0.000001	0.000000
0.000001	0.000000
0.000001	0.000000
0.000001	0.000000
0.000001	0.000000
0.000001	0.000000
0.000001	0.000000
0.000001	0.000000
0.000001	0.000000
0.000001	0.000000
0.000001	0.000000
0.000001	0.000000
0.000001	0.000000
0.000001	0.000000
0.000001	0.000000
0.000001	0.000000
0.000001	0.000000
0.000001	0.000000
0.000001	0.000000
0.000001	0.000000
0.000001	0.000000
0.000001	0.000000
0.000001	0.000000
0.000001	0.000000
0.000001	0.000000
0.000001	0.000000
0.000001	0.000000
0.000001	0.000000
0.000001	0.000000
0.000001	0.000000
0.000001	0.000000
0.000001	0.000000
0.000001	0.000000
0.000001	0.000000
0.000001	0.000000
0.000001	0.000000
0.000001	0.000000
0.000001	0.000000
0.000001	0.000000
0.000001	0.000000
0.000001	-0.000000
0.000000	0.000000
0.000001	0.000000
0.000001	0.000000
0.000001	0.000000
0.000001	0.000000
0.000001	0.000000
0.000001	0.000000
0.000001	-0.000000
0.000000	0.000000
0.000001	0.000000
0.000001	0.000000
0.000001	-0.000000
0.000000	0.000000
0.000001	0.000000
0.000001	0.000000
0.000001	-0.000000
0.000000	0.000000
0.000001	0.000000
0.000001	0.000000
0.000001	0.000000
0.000000	0.000000
0.000001	0.000000
0.000001	0.000000
0.000001	0.000000
0.000000	0.000000
0.000001	0.000000
0.000001	0.000000
0.000001	0.000000
0.000000	0.000000
0.000001	0.000000
0.000001	0.000000
0.000001	0.000000
0.000000	0.000000
0.000001	0.000000
0.000001	0.000000
0.000001	0.000000
0.000000	0.000000
0.000001	0.000000
0.000001	0.000000
0.000001	0.000000
0.000000	0.000000
0.000001	0.000000
0.000001	0.000000
0.000000	0.000000
0.000000	0.000000
0.000001	0.000000
0.000001	0.000000
0.000000	0.000000
0.000000	0.000000
0.000000	0.000000
0.000001	0.000000
0.000000	-0.000000
0.000000	0.000000
0.000000	0.000000
0.000001	0.000000
0.000000	0.000000
0.000000	0.000000
0.000000	0.000000
0.000001	0.000000
0.000000	-0.000000
0.000000	0.000000
0.000000	0.000000
0.000001	0.000000
0.000000	-0.000000
0.000000	0.000000
0.000000	0.000000
0.000001	0.000000
0.000000	-0.000000
0.000000	0.000000
0.000000	0.000000
0.000001	0.000000
0.000000	-0.000000
0.000000	0.000000
0.000000	0.000000
0.000001	0.000000
0.000000	-0.000000
0.000000	0.000000
0.000000	0.000000
0.000001	0.000000
0.000000	-0.000000
0.000000	0.000000
0.000000	0.000000
0.000001	0.000000
0.000000	-0.000000
0.000000	0.000000
0.000000	0.000000
0.000001	0.000000
0.000000	-0.000000
0.000000	0.000000
0.000000	0.000000
0.000000	0.000000
0.000000	-0.000000
0.000000	0.000000
0.000000	0.000000
0.000000	0.000000
0.000000	-0.000000
0.000000	0.000000
0.000000	0.000000
0.000000	0.000000
0.000000	-0.000000
0.000000	0.000000
0.000000	0.000000
0.000000	0.000000
0.000000	-0.000000
0.000000	0.000000
0.000000	0.000000
0.000000	0.000000
0.000000	-0.000000
0.000000	0.000000
0.000000	0.000000
0.000000	0.000000
0.000000	-0.000000
0.000000	0.000000
0.000000	0.000000
0.000000	0.000000
0.000000	-0.000000
0.000000	0.000000
0.000000	0.000000
0.000000	0.000000
0.000000	-0.000000
0.000000	0.000000
0.000000	0.000000
0.000000	0.000000
0.000000	-0.000000
0.000000	0.000000
0.000000	0.000000
0.000000	0.000000
0.000000	-0.000000
0.000000	0.000000
0.000000	0.000000
0.000000	0.000000
0.000000	-0.000000
0.000000	0.000000
0.000000	0.000000
0.000000	0.000000
0.000000	-0.000000
0.000000	0.000000
0.000000	0.000000
0.000000	0.000000
0.000000	-0.000000
0.000000	0.000000
0.000000	0.000000
0.000000	0.000000
0.000000	-0.000000
0.000000	0.000000
0.000000	0.000000
0.000000	0.000000
0.000000	-0.000000
0.000000	0.000000
0.000000	0.000000
0.000000	0.000000
0.000000	-0.000000
0.000000	0.000000
0.000000	0.000000
0.000000	0.000000
0.000000	-0.000000
0.000000	0.000000
0.000000	0.000000
0.000000	0.000000
0.000000	-0.000000
0.000000	0.000000
0.000000	0.000000
0.000000	0.000000
0.000000	-0.000000
0.000000	0.000000
0.000000	0.000000
0.000000	0.000000
0.000000	-0.000000
0.000000	0.000000
0.000000	0.000000
0.000000	0.000000
0.000000	-0.000000
0.000000	0.000000
0.000000	0.000000
0.000000	0.000000
0.000000	-0.000000
0.000000	0.000000
0.000000	0.000000
0.000000	0.000000
0.000000	-0.000000
0.000000	0.000000
0.000000	0.000000
0.000000	0.000000
0.000000	-0.000000
0.000000	0.000000
0.000000	0.000000
0.000000	0.000000
0.000000	-0.000000
0.000000	0.000000
0.000000	0.000000
0.000000	0.000000
0.000000	-0.000000
0.000000	0.000000
0.000000	0.000000
0.000000	0.000000
0.000000	-0.000000
0.000000	0.000000
0.000000	0.000000
0.000000	0.000000
0.000000	-0.000000
0.000000	0.000000
0.000000	0.000000
0.000000	0.000000
0.000000	-0.000000
0.000000	0.000000
0.000000	0.000000
0.000000	0.000000
0.000000	-0.000000
0.000000	0.000000
0.000000	0.000000
0.000000	0.000000
0.000000	-0.000000
0.000000	0.000000
0.000000	0.000000
0.000000	0.000000
0.000000	-0.000000
0.000000	0.000000
0.000000	0.000000
0.000000	0.000000
0.000000	-0.000000
0.000000	0.000000
0.000000	0.000000
0.000000	0.000000
0.000000	-0.000000
0.000000	0.000000
0.000000	0.000000
0.000000	0.000000
0.000000	-0.000000
0.000000	0.000000
0.000000	0.000000
0.000000	0.000000
0.000000	-0.000000
0.000000	0.000000
0.000000	0.000000
0.000000	0.000000
0.000000	-0.000000
0.000000	0.000000
0.000000	0.000000
0.000000	0.000000
0.000000	-0.000000
0.000000	0.000000
0.000000	0.000000
0.000000	0.000000
0.000000	-0.000000
0.000000	0.000000
0.000000	0.000000
0.000000	0.000000
0.000000	-0.000000
0.000000	0.000000
0.000000	0.000000
0.000000	0.000000
0.000000	-0.000000
0.000000	0.000000
0.000000	0.000000
0.000000	0.000000
0.000000	-0.000000
0.000000	0.000000
0.000000	0.000000
0.000000	0.000000
0.000000	-0.000000
0.000000	0.000000
0.000000	0.000000
0.000000	0.000000
0.000000	-0.000000
0.000000	0.000000
0.000000	0.000000
0.000000	0.000000
0.000000	-0.000000
0.000000	0.000000
0.000000	0.000000
0.000000	0.000000
0.000000	-0.000000
0.000000	0.000000
0.000000	0.000000
0.000000	0.000000
0.000000	-0.000000
0.000000	0.000000
0.000000	0.000000
0.000000	0.000000
0.000000	-0.000000
0.000000	0.000000
0.000000	0.000000
0.000000	0.000000
0.000000	-0.000000
0.000000	0.000000
0.000000	0.000000
0.000000	0.000000
0.000000	-0.000000
0.000000	0.000000
0.000000	0.000000
0.000000	0.000000
0.000000	-0.000000
0.000000	0.000000
0.000000	0.000000
0.000000	0.000000
0.000000	-0.000000
0.000000	0.000000
0.000000	0.000000
0.000000	0.000000
0.000000	-0.000000
0.000000	0.000000
0.000000	0.000000
0.000000	0.000000
0.000000	-0.000000
0.000000	0.000000
0.000000	0.000000
0.000000	0.000000
0.000000	-0.000000
0.000000	0.000000
0.000000	0.000000
0.000000	0.000000
0.000000	-0.000000
0.000000	0.000000
0.000000	0.000000
0.000000	0.000000
0.000000	-0.000000
0.000000	0.000000
0.000000	0.000000
0.000000	0.000000
0.000000	-0.000000
0.000000	0.000000
0.000000	0.000000
0.000000	0.000000
0.000000	-0.000000
0.000000	0.000000
0.000000	0.000000
0.000000	0.000000
0.000000	-0.000000
0.000000	0.000000
0.000000	0.000000
0.000000	0.000000
0.000000	-0.000000
0.000000	0.000000
0.000000	0.000000
0.000000	0.000000
0.000000	-0.000000
0.000000	0.000000
0.000000	0.000000
0.000000	0.000000
0.000000	-0.000000
0.000000	0.000000
0.000000	0.000000
0.000000	0.000000
0.000000	-0.000000
0.000000	0.000000
0.000000	0.000000
0.000000	0.000000
0.000000	-0.000000
0.000000	0.000000
0.000000	0.000000
0.000000	0.000000
0.000000	-0.000000
0.000000	0.000000
0.000000	0.000000
0.000000	0.000000
0.000000	-0.000000
0.000000	0.000000
0.000000	0.000000
0.000000	0.000000
0.000000	-0.000000
0.000000	0.000000
0.000000	0.000000
0.000000	0.000000
0.000000	-0.000000
0.000000	0.000000
0.000000	0.000000
0.000000	0.000000
0.000000	-0.000000
0.000000	0.000000
0.000000	0.000000
0.000000	0.000000
0.000000	-0.000000
0.000000	0.000000
0.000000	0.000000
0.000000	0.000000
0.000000	-0.000000
0.000000	0.000000
0.000000	0.000000
0.000000	0.000000
0.000000	-0.000000
0.000000	0.000000
0.000000	0.000000
0.000000	0.000000
0.000000	-0.000000
0.000000	0.000000
0.000000	0.000000
0.000000	0.000000
0.000000	-0.000000
0.000000	0.000000
0.000000	0.000000
0.000000	0.000000
0.000000	-0.000000
0.000000	0.000000
0.000000	0.000000
0.000000	0.000000
0.000000	-0.000000
0.000000	0.000000
0.000000	0.000000
0.000000	0.000000
0.000000	-0.000000
0.000000	0.000000
0.000000	0.000000
0.000000	0.000000
0.000000	-0.000000
0.000000	0.000000
0.000000	0.000000
0.000000	0.000000
0.000000	-0.000000
0.000000	0.000000
0.000000	0.000000
0.000000	0.000000
0.000000	-0.000000
0.000000	0.000000
0.000000	0.000000
0.000000	0.000000
0.000000	-0.000000
0.000000	0.000000
0.000000	0.000000
0.000000	0.000000
0.000000	-0.000000
0.000000	0.000000
0.000000	0.000000
0.000000	0.000000
0.000000	-0.000000
0.000000	0.000000
0.000000	0.000000
0.000000	0.000000
0.000000	-0.000000
0.000000	0.000000
0.000000	0.000000
0.000000	0.000000
0.000000	-0.000000
0.000000	0.000000
0.000000	0.000000
0.000000	0.000000
0.000000	-0.000000
0.000000	0.000000
0.000000	0.000000
0.000000	0.000000
0.000000	0.000000
0.000000	0.000000
0.000000	0.000000
0.000000	0.000000
0.000000	-0.000000
0.000000	0.000000
0.000000	0.000000
0.000000	0.000000
0.000000	-0.000000
0.000000	0.000000
0.000000	0.000000
0.000000	0.000000
0.000000	-0.000000
0.000000	0.000000
0.000000	0.000000
0.000000	0.000000
0.000000	-0.000000
0.000000	0.000000
0.000000	0.000000
0.000000	0.000000
0.000000	-0.000000
0.000000	0.000000
0.000000	0.000000
0.000000	0.000000
0.000000	-0.000000
0.000000	0.000000
0.000000	0.000000
0.000000	0.000000
0.000000	-0.000000
0.000000	0.000000
0.000000	0.000000
0.000000	0.000000
0.000000	-0.000000
0.000000	0.000000
0.000000	0.000000
0.000000	0.000000
0.000000	-0.000000
0.000000	0.000000
0.000000	0.000000
0.000000	0.000000
0.000000	0.000000
0.000000	-0.000000
0.000000	0.000000
0.000000	0.000000
0.000000	0.000000
0.000000	0.000000
0.000000	0.000000
0.000000	0.000000
0.000000	-0.000000
0.000000	0.000000
0.000000	0.000000
0.000000	-0.000000
0.000000	-0.000000
0.000000	-0.000000
0.000000	0.000000
0.000000	0.000000
0.000000	-0.000000
0.000000	0.000000
0.000000	0.000000
0.000000	0.000000
0.000000	-0.000000
0.000000	0.000000
0.000000	0.000000
0.000000	0.000000
0.000000	-0.000000
0.000000	0.000000
0.000000	0.000000
0.000000	0.000000
0.000000	-0.000000
0.000000	0.000000
0.000000	0.000000
0.000000	0.000000
0.000000	-0.000000
0.000000	0.000000
0.000000	0.000000
0.000000	0.000000
0.000000	-0.000000
0.000000	0.000000
0.000000	0.000000
0.000000	0.000000
0.000000	-0.000000
0.000000	0.000000
0.000000	0.000000
0.000000	0.000000
0.000000	-0.000000
0.000000	0.000000
0.000000	0.000000
0.000000	0.000000
0.000000	-0.000000
0.000000	0.000000
0.000000	0.000000
0.000000	0.000000
0.000000	-0.000000
0.000000	0.000000
0.000000	0.000000
0.000000	0.000000
0.000000	-0.000000
0.000000	0.000000
0.000000	0.000000
0.000000	0.000000
0.000000	-0.000000
0.000000	0.000000
0.000000	0.000000
0.000000	0.000000
0.000000	-0.000000
0.000000	0.000000
0.000000	0.000000
0.000000	0.000000
0.000000	-0.000000
0.000000	0.000000
0.000000	0.000000
0.000000	0.000000
0.000000	-0.000000
0.000000	0.000000
0.000000	0.000000
0.000000	0.000000
0.000000	-0.000000
0.000000	0.000000
0.000000	0.000000
0.000000	0.000000
0.000000	-0.000000
0.000000	0.000000
0.000000	0.000000
0.000000	0.000000
0.000000	-0.000000
0.000000	0.000000
0.000000	0.000000
0.000000	0.000000
0.000000	-0.000000
0.000000	0.000000
0.000000	0.000000
0.000000	0.000000
0.000000	-0.000000
0.000000	0.000000
0.000000	0.000000
0.000000	0.000000
0.000000	-0.000000
0.000000	0.000000
0.000000	0.000000
0.000000	0.000000
0.000000	-0.000000
0.000000	0.000000
0.000000	0.000000
0.000000	0.000000
0.000000	-0.000000
0.000000	0.000000
0.000000	0.000000
0.000000	0.000000
0.000000	-0.000000
0.000000	0.000000
0.000000	0.000000
0.000000	0.000000
0.000000	-0.000000
0.000000	0.000000
0.000000	0.000000
0.000000	0.000000
0.000000	-0.000000
0.000000	0.000000
0.000000	0.000000
0.000000	0.000000
0.000000	-0.000000
0.000000	0.000000
0.000000	0.000000
0.000000	0.000000
0.000000	-0.000000
0.000000	0.000000
0.000000	0.000000
0.000000	0.000000
0.000000	-0.000000
0.000000	0.000000
0.000000	0.000000
0.000000	0.000000
0.000000	-0.000000
0.000000	0.000000
0.000000	0.000000
0.000000	0.000000
0.000000	-0.000000
0.000000	0.000000
0.000000	0.000000
0.000000	-0.000000
0.000000	-0.000000
0.000000	0.000000
0.000000	0.000000
0.000000	0.000000
0.000000	-0.000000
0.000000	0.000000
0.000000	0.000000
0.000000	0.000000
0.000000	-0.000000
0.000000	0.000000
0.000000	0.000000
0.000000	0.000000
0.000000	-0.000000
0.000000	0.000000
0.000000	0.000000
0.000000	0.000000
0.000000	-0.000000
0.000000	0.000000
0.000000	0.000000
0.000000	0.000000
0.000000	-0.000000
0.000000	0.000000
0.000000	0.000000
0.000000	0.000000
0.000000	-0.000000
0.000000	0.000000
0.000000	0.000000
0.000000	0.000000
0.000000	-0.000000
0.000000	0.000000
0.000000	0.000000
0.000000	0.000000
0.000000	-0.000000
0.000000	0.000000
0.000000	0.000000
0.000000	0.000000
0.000000	-0.000000
0.000000	0.000000
0.000000	0.000000
0.000000	0.000000
0.000000	-0.000000
0.000000	0.000000
0.000000	0.000000
0.000000	0.000000
0.000000	-0.000000
0.000000	0.000000
0.000000	0.000000
0.000000	0.000000
0.000000	-0.000000
0.000000	0.000000
0.000000	0.000000
0.000000	0.000000
0.000000	-0.000000
0.000000	0.000000
0.000000	0.000000
0.000000	0.000000
0.000000	-0.000000
0.000000	0.000000
0.000000	0.000000
0.000000	0.000000
0.000000	-0.000000
0.000000	0.000000
0.000000	0.000000
0.000000	0.000000
0.000000	-0.000000
0.000000	0.000000
0.000000	0.000000
0.000000	0.000000
0.000000	-0.000000
0.000000	0.000000
0.000000	0.000000
0.000000	0.000000
0.000000	-0.000000
0.000000	0.000000
0.000000	0.000000
0.000000	0.000000
0.000000	-0.000000
0.000000	0.000000
0.000000	0.000000
0.000000	0.000000
0.000000	-0.000000
0.000000	0.000000
0.000000	0.000000
0.000000	0.000000
0.000000	-0.000000
0.000000	0.000000
0.000000	0.000000
0.000000	0.000000
0.000000	-0.000000
0.000000	0.000000
0.000000	0.000000
0.000000	-0.000000
0.000000	-0.000000
0.000000	-0.000000
0.000000	0.000000
0.000000	-0.000000
0.000000	-0.000000
0.000000	0.000000
0.000000	0.000000
0.000000	0.000000
0.000000	-0.000000
0.000000	0.000000
0.000000	0.000000
0.000000	0.000000
0.000000	-0.000000
0.000000	0.000000
0.000000	0.000000
0.000000	0.000000
0.000000	-0.000000
0.000000	0.000000
0.000000	0.000000
0.000000	0.000000
0.000000	-0.000000
0.000000	0.000000
0.000000	0.000000
0.000000	0.000000
0.000000	-0.000000
0.000000	0.000000
0.000000	0.000000
0.000000	0.000000
0.000000	-0.000000
0.000000	0.000000
0.000000	0.000000
0.000000	0.000000
0.000000	-0.000000
0.000000	0.000000
0.000000	0.000000
0.000000	0.000000
0.000000	-0.000000
0.000000	0.000000
0.000000	0.000000
0.000000	0.000000
0.000000	-0.000000
0.000000	0.000000
0.000000	0.000000
0.000000	0.000000
0.000000	-0.000000
0.000000	0.000000
0.000000	0.000000
0.000000	-0.000000
0.000000	-0.000000
0.000000	0.000000
0.000000	0.000000
0.000000	0.000000
0.000000	-0.000000
0.000000	0.000000
0.000000	0.000000
0.000000	0.000000
0.000000	0.000000
0.000000	0.000000
0.000000	0.000000
0.000000	0.000000
0.000000	-0.000000
0.000000	-0.000000
0.000000	0.000000
0.000000	0.000000
0.000000	0.000000
0.000000	0.000000
0.000000	0.000000
0.000000	-0.000000
0.000000	-0.000000
0.000000	0.000000
0.000000	0.000000
0.000000	0.000000
0.000000	-0.000000
0.000000	0.000000
0.000000	0.000000
0.000000	0.000000
0.000000	-0.000000
0.000000	0.000000
0.000000	0.000000
0.000000	0.000000
0.000000	-0.000000
0.000000	0.000000
0.000000	0.000000
0.000000	0.000000
0.000000	-0.000000
0.000000	0.000000
0.000000	0.000000
0.000000	0.000000
0.000000	-0.000000
0.000000	0.000000
0.000000	0.000000
0.000000	0.000000
0.000000	-0.000000
0.000000	0.000000
0.000000	0.000000
0.000000	-0.000000
0.000000	-0.000000
0.000000	0.000000
0.000000	0.000000
0.000000	-0.000000
0.000000	-0.000000
0.000000	-0.000000
0.000000	0.000000
0.000000	-0.000000
0.000000	-0.000000
0.000000	-0.000000
0.000000	0.000000
0.000000	0.000000
0.000000	-0.000000
0.000000	0.000000
0.000000	0.000000
0.000000	-0.000000
0.000000	-0.000000
0.000000	0.000000
0.000000	0.000000
0.000000	0.000000
0.000000	-0.000000
0.000000	0.000000
0.000000	0.000000
0.000000	0.000000
0.000000	-0.000000
0.000000	0.000000
0.000000	0.000000
0.000000	0.000000
0.000000	-0.000000
0.000000	0.000000
0.000000	0.000000
0.000000	0.000000
0.000000	-0.000000
0.000000	0.000000
0.000000	0.000000
0.000000	0.000000
0.000000	-0.000000
0.000000	0.000000
0.000000	0.000000
0.000000	0.000000
0.000000	-0.000000
0.000000	0.000000
0.000000	0.000000
0.000000	0.000000
0.000000	-0.000000
0.000000	0.000000
0.000000	0.000000
0.000000	0.000000
0.000000	-0.000000
0.000000	0.000000
0.000000	0.000000
0.000000	0.000000
0.000000	-0.000000
0.000000	0.000000
0.000000	0.000000
0.000000	0.000000
0.000000	-0.000000
0.000000	0.000000
0.000000	0.000000
0.000000	0.000000
0.000000	-0.000000
0.000000	0.000000
0.000000	0.000000
0.000000	0.000000
0.000000	-0.000000
0.000000	0.000000
0.000000	0.000000
0.000000	0.000000
0.000000	-0.000000
0.000000	0.000000
0.000000	0.000000
0.000000	0.000000
0.000000	-0.000000
0.000000	0.000000
0.000000	0.000000
0.000000	0.000000
0.000000	-0.000000
0.000000	0.000000
0.000000	0.000000
0.000000	0.000000
0.000000	-0.000000
0.000000	0.000000
0.000000	0.000000
0.000000	0.000000
0.000000	-0.000000
0.000000	0.000000
0.000000	0.000000
0.000000	0.000000
0.000000	-0.000000
0.000000	0.000000
0.000000	0.000000
0.000000	0.000000
0.000000	-0.000000
0.000000	0.000000
0.000000	0.000000
0.000000	0.000000
0.000000	-0.000000
0.000000	0.000000
0.000000	0.000000
0.000000	0.000000
0.000000	-0.000000
0.000000	0.000000
0.000000	0.000000
0.000000	0.000000
0.000000	-0.000000
0.000000	0.000000
0.000000	0.000000
0.000000	0.000000
0.000000	-0.000000
0.000000	0.000000
0.000000	0.000000
0.000000	0.000000
0.000000	-0.000000
0.000000	0.000000
0.000000	0.000000
0.000000	0.000000
0.000000	-0.000000
0.000000	0.000000
0.000000	0.000000
0.000000	0.000000
0.000000	-0.000000
0.000000	-0.000000
0.000000	0.000000
0.000000	0.000000
0.000000	-0.000000
0.000000	0.000000
0.000000	0.000000
0.000000	0.000000
0.000000	-0.000000
0.000000	0.000000
0.000000	0.000000
0.000000	0.000000
0.000000	-0.000000
0.000000	0.000000
0.000000	0.000000
0.000000	-0.000000
0.000000	-0.000000
0.000000	0.000000
0.000000	0.000000
0.000000	0.000000
0.000000	-0.000000
0.000000	0.000000
0.000000	0.000000
0.000000	0.000000
0.000000	-0.000000
0.000000	0.000000
0.000000	0.000000
0.000000	0.000000
0.000000	-0.000000
0.000000	0.000000
0.000000	0.000000
0.000000	0.000000
0.000000	-0.000000
0.000000	0.000000
0.000000	0.000000
0.000000	0.000000
0.000000	-0.000000
0.000000	0.000000
0.000000	0.000000
0.000000	0.000000
0.000000	-0.000000
0.000000	0.000000
0.000000	0.000000
0.000000	0.000000
0.000000	-0.000000
0.000000	0.000000
0.000000	0.000000
0.000000	0.000000
0.000000	-0.000000
0.000000	0.000000
0.000000	0.000000
0.000000	0.000000
0.000000	-0.000000
0.000000	0.000000
0.000000	0.000000
0.000000	0.000000
0.000000	-0.000000
0.000000	0.000000
0.000000	0.000000
0.000000	0.000000
0.000000	-0.000000
0.000000	0.000000
0.000000	0.000000
0.000000	-0.000000
0.000000	-0.000000
0.000000	0.000000
0.000000	0.000000
0.000000	0.000000
0.000000	-0.000000
0.000000	0.000000
0.000000	0.000000
0.000000	0.000000
0.000000	-0.000000
0.000000	0.000000
0.000000	0.000000
0.000000	0.000000
0.000000	-0.000000
0.000000	0.000000
0.000000	0.000000
0.000000	0.000000
0.000000	-0.000000
0.000000	0.000000
0.000000	0.000000
0.000000	0.000000
0.000000	-0.000000
0.000000	0.000000
0.000000	0.000000
0.000000	0.000000
0.000000	-0.000000
0.000000	0.000000
0.000000	0.000000
0.000000	0.000000
0.000000	-0.000000
0.000000	0.000000
0.000000	0.000000
0.000000	0.000000
0.000000	-0.000000
0.000000	0.000000
0.000000	0.000000
0.000000	0.000000
0.000000	-0.000000
0.000000	0.000000
0.000000	0.000000
0.000000	0.000000
0.000000	-0.000000
0.000000	0.000000
0.000000	0.000000
0.000000	-0.000000
0.000000	-0.000000
0.000000	0.000000
0.000000	0.000000
0.000000	0.000000
0.000000	-0.000000
0.000000	0.000000
0.000000	0.000000
0.000000	0.000000
0.000000	-0.000000
0.000000	0.000000
0.000000	0.000000
0.000000	0.000000
0.000000	-0.000000
0.000000	0.000000
0.000000	0.000000
0.000000	0.000000
0.000000	-0.000000
0.000000	0.000000
0.000000	0.000000
0.000000	0.000000
0.000000	-0.000000
0.000000	0.000000
0.000000	0.000000
0.000000	0.000000
0.000000	-0.000000
0.000000	0.000000
0.000000	0.000000
0.000000	0.000000
0.000000	-0.000000
0.000000	0.000000
0.000000	0.000000
0.000000	0.000000
0.000000	-0.000000
0.000000	0.000000
0.000000	0.000000
0.000000	-0.000000
0.000000	-0.000000
0.000000	0.000000
0.000000	0.000000
0.000000	0.000000
0.000000	-0.000000
0.000000	0.000000
0.000000	0.000000
0.000000	0.000000
0.000000	-0.000000
0.000000	0.000000
0.000000	0.000000
0.000000	-0.000000
0.000000	-0.000000
0.000000	-0.000000
0.000000	0.000000
0.000000	-0.000000
0.000000	-0.000000
0.000000	0.000000
0.000000	0.000000
0.000000	0.000000
0.000000	-0.000000
0.000000	0.000000
0.000000	0.000000
0.000000	0.000000
0.000000	-0.000000
0.000000	0.000000
0.000000	0.000000
0.000000	0.000000
0.000000	-0.000000
0.000000	0.000000
0.000000	0.000000
0.000000	-0.000000
0.000000	-0.000000
0.000000	0.000000
0.000000	0.000000
0.000000	0.000000
0.000000	-0.000000
0.000000	0.000000
0.000000	0.000000
0.000000	0.000000
0.000000	-0.000000
0.000000	0.000000
0.000000	0.000000
0.000000	0.000000
0.000000	-0.000000
0.000000	0.000000
0.000000	0.000000
0.000000	-0.000000
0.000000	-0.000000
0.000000	0.000000
0.000000	0.000000
0.000000	0.000000
0.000000	-0.000000
0.000000	0.000000
0.000000	0.000000
0.000000	0.000000
0.000000	-0.000000
0.000000	0.000000
0.000000	0.000000
0.000000	0.000000
0.000000	-0.000000
0.000000	0.000000
0.000000	0.000000
0.000000	0.000000
0.000000	-0.000000
0.000000	0.000000
0.000000	0.000000
0.000000	0.000000
0.000000	-0.000000
0.000000	0.000000
0.000000	0.000000
0.000000	0.000000
0.000000	-0.000000
0.000000	0.000000
0.000000	0.000000
0.000000	0.000000
0.000000	-0.000000
0.000000	0.000000
0.000000	0.000000
0.000000	0.000000
0.000000	-0.000000
0.000000	0.000000
0.000000	0.000000
0.000000	0.000000
0.000000	-0.000000
0.000000	0.000000
0.000000	0.000000
0.000000	0.000000
0.000000	-0.000000
0.000000	0.000000
0.000000	0.000000
0.000000	-0.000000
0.000000	-0.000000
0.000000	0.000000
0.000000	0.000000
0.000000	0.000000
0.000000	-0.000000
0.000000	0.000000
0.000000	0.000000
0.000000	0.000000
0.000000	-0.000000
0.000000	0.000000
0.000000	0.000000
0.000000	0.000000
0.000000	-0.000000
0.000000	0.000000
0.000000	0.000000
0.000000	0.000000
0.000000	-0.000000
0.000000	0.000000
0.000000	0.000000
0.000000	0.000000
0.000000	-0.000000
0.000000	0.000000
0.000000	0.000000
0.000000	0.000000
0.000000	-0.000000
0.000000	0.000000
0.000000	0.000000
0.000000	0.000000
0.000000	-0.000000
0.000000	0.000000
0.000000	0.000000
0.000000	0.000000
0.000000	-0.000000
0.000000	-0.000000
0.000000	0.000000
0.000000	0.000000
0.000000	-0.000000
0.000000	0.000000
0.000000	0.000000
0.000000	0.000000
0.000000	-0.000000
0.000000	0.000000
0.000000	0.000000
0.000000	0.000000
0.000000	-0.000000
0.000000	-0.000000
0.000000	0.000000
0.000000	0.000000
0.000000	-0.000000
0.000000	0.000000
0.000000	0.000000
0.000000	0.000000
0.000000	-0.000000
0.000000	0.000000
0.000000	0.000000
0.000000	0.000000
0.000000	-0.000000
0.000000	0.000000
0.000000	0.000000
0.000000	0.000000
0.000000	-0.000000
0.000000	0.000000
0.000000	0.000000
0.000000	-0.000000
0.000000	-0.000000
0.000000	0.000000
0.000000	0.000000
0.000000	0.000000
0.000000	-0.000000
0.000000	0.000000
0.000000	0.000000
0.000000	-0.000000
0.000000	-0.000000
0.000000	0.000000
0.000000	0.000000
0.000000	0.000000
0.000000	-0.000000
0.000000	0.000000
0.000000	0.000000
0.000000	0.000000
0.000000	-0.000000
0.000000	0.000000
0.000000	0.000000
0.000000	0.000000
0.000000	-0.000000
0.000000	0.000000
0.000000	0.000000
0.000000	-0.000000
0.000000	-0.000000
0.000000	0.000000
0.000000	0.000000
0.000000	0.000000
0.000000	-0.000000
0.000000	0.000000
0.000000	0.000000
0.000000	0.000000
0.000000	-0.000000
0.000000	0.000000
0.000000	0.000000
0.000000	-0.000000
0.000000	-0.000000
0.000000	0.000000
0.000000	0.000000
0.000000	0.000000
0.000000	-0.000000
0.000000	0.000000
0.000000	0.000000
0.000000	0.000000
0.000000	-0.000000
0.000000	0.000000
0.000000	0.000000
0.000000	0.000000
0.000000	-0.000000
0.000000	0.000000
0.000000	0.000000
0.000000	0.000000
0.000000	-0.000000
0.000000	0.000000
0.000000	0.000000
0.000000	0.000000
0.000000	-0.000000
0.000000	0.000000
0.000000	0.000000
0.000000	0.000000
0.000000	-0.000000
0.000000	0.000000
0.000000	0.000000
0.000000	0.000000
0.000000	-0.000000
0.000000	0.000000
0.000000	0.000000
0.000000	0.000000
0.000000	-0.000000
0.000000	0.000000
0.000000	0.000000
0.000000	0.000000
0.000000	-0.000000
0.000000	0.000000
0.000000	0.000000
0.000000	-0.000000
0.000000	-0.000000
0.000000	0.000000
0.000000	0.000000
0.000000	0.000000
0.000000	-0.000000
0.000000	0.000000
0.000000	0.000000
0.000000	0.000000
0.000000	-0.000000
0.000000	0.000000
0.000000	0.000000
0.000000	0.000000
0.000000	-0.000000
0.000000	0.000000
0.000000	0.000000
0.000000	0.000000
0.000000	-0.000000
0.000000	-0.000000
0.000000	0.000000
0.000000	-0.000000
0.000000	-0.000000
0.000000	-0.000000
0.000000	0.000000
0.000000	0.000000
0.000000	-0.000000
0.000000	0.000000
0.000000	0.000000
0.000000	0.000000
0.000000	-0.000000
0.000000	0.000000
0.000000	0.000000
0.000000	0.000000
0.000000	-0.000000
0.000000	-0.000000
0.000000	0.000000
0.000000	-0.000000
0.000000	-0.000000
0.000000	-0.000000
0.000000	0.000000
0.000000	-0.000000
0.000000	-0.000000
0.000000	0.000000
0.000000	0.000000
0.000000	0.000000
0.000000	-0.000000
0.000000	0.000000
0.000000	0.000000
0.000000	0.000000
0.000000	-0.000000
0.000000	-0.000000
0.000000	0.000000
0.000000	0.000000
0.000000	-0.000000
0.000000	0.000000
0.000000	0.000000
0.000000	-0.000000
0.000000	-0.000000
0.000000	-0.000000
0.000000	0.000000
0.000000	-0.000000
0.000000	-0.000000
0.000000	0.000000
0.000000	0.000000
0.000000	-0.000000
0.000000	-0.000000
0.000000	-0.000000
0.000000	0.000000
0.000000	0.000000
0.000000	-0.000000
0.000000	0.000000
0.000000	0.000000
0.000000	0.000000
0.000000	-0.000000
0.000000	0.000000
0.000000	0.000000
0.000000	0.000000
0.000000	-0.000000
0.000000	0.000000
0.000000	0.000000
0.000000	0.000000
0.000000	-0.000000
0.000000	-0.000000
0.000000	0.000000
0.000000	0.000000
0.000000	-0.000000
0.000000	-0.000000
0.000000	0.000000
0.000000	-0.000000
0.000000	-0.000000
0.000000	0.000000
0.000000	0.000000
0.000000	-0.000000
0.000000	-0.000000
0.000000	0.000000
0.000000	0.000000
0.000000	0.000000
0.000000	-0.000000
0.000000	0.000000
0.000000	0.000000
0.000000	0.000000
0.000000	-0.000000
0.000000	-0.000000
0.000000	0.000000
0.000000	-0.000000
0.000000	-0.000000
0.000000	0.000000
0.000000	0.000000
0.000000	0.000000
0.000000	-0.000000
0.000000	0.000000
0.000000	0.000000
0.000000	0.000000
0.000000	-0.000000
0.000000	-0.000000
0.000000	0.000000
0.000000	-0.000000
0.000000	-0.000000
0.000000	-0.000000
0.000000	0.000000
0.000000	0.000000
0.000000	-0.000000
0.000000	0.000000
0.000000	0.000000
0.000000	0.000000
0.000000	-0.000000
0.000000	0.000000
0.000000	0.000000
0.000000	-0.000000
0.000000	-0.000000
0.000000	0.000000
0.000000	0.000000
0.000000	0.000000
0.000000	-0.000000
0.000000	-0.000000
0.000000	0.000000
0.000000	0.000000
0.000000	-0.000000
0.000000	0.000000
0.000000	0.000000
0.000000	0.000000
0.000000	-0.000000
0.000000	0.000000
0.000000	0.000000
0.000000	-0.000000
0.000000	-0.000000
0.000000	0.000000
0.000000	0.000000
0.000000	-0.000000
0.000000	-0.000000
0.000000	-0.000000
0.000000	0.000000
0.000000	-0.000000
0.000000	-0.000000
0.000000	0.000000
0.000000	0.000000
0.000000	0.000000
0.000000	-0.000000
0.000000	0.000000
0.000000	0.000000
0.000000	0.000000
0.000000	-0.000000
0.000000	0.000000
0.000000	0.000000
0.000000	-0.000000
0.000000	-0.000000
0.000000	-0.000000
0.000000	0.000000
0.000000	0.000000
0.000000	-0.000000
0.000000	0.000000
0.000000	0.000000
0.000000	-0.000000
0.000000	-0.000000
0.000000	-0.000000
0.000000	0.000000
0.000000	-0.000000
0.000000	-0.000000
0.000000	0.000000
0.000000	0.000000
0.000000	-0.000000
0.000000	-0.000000
0.000000	0.000000
0.000000	0.000000
0.000000	0.000000
0.000000	-0.000000
0.000000	-0.000000
0.000000	0.000000
0.000000	0.000000
0.000000	-0.000000
0.000000	0.000000
0.000000	0.000000
0.000000	-0.000000
0.000000	-0.000000
0.000000	-0.000000
0.000000	0.000000
0.000000	0.000000
0.000000	-0.000000
0.000000	0.000000
0.000000	0.000000
0.000000	-0.000000
0.000000	-0.000000
0.000000	0.000000
0.000000	0.000000
0.000000	-0.000000
0.000000	-0.000000
0.000000	-0.000000
0.000000	0.000000
0.000000	0.000000
0.000000	-0.000000
0.000000	-0.000000
0.000000	0.000000
0.000000	0.000000
0.000000	-0.000000
0.000000	0.000000
0.000000	0.000000
0.000000	-0.000000
0.000000	-0.000000
0.000000	-0.000000
0.000000	0.000000
0.000000	-0.000000
0.000000	-0.000000
0.000000	-0.000000
0.000000	0.000000
0.000000	0.000000
0.000000	-0.000000
0.000000	0.000000
0.000000	0.000000
0.000000	-0.000000
0.000000	-0.000000
0.000000	0.000000
0.000000	0.000000
0.000000	0.000000
0.000000	-0.000000
0.000000	0.000000
0.000000	0.000000
0.000000	-0.000000
0.000000	-0.000000
0.000000	-0.000000
0.000000	0.000000
0.000000	-0.000000
0.000000	-0.000000
0.000000	-0.000000
0.000000	0.000000
0.000000	-0.000000
0.000000	-0.000000
0.000000	-0.000000
0.000000	0.000000
0.000000	0.000000
0.000000	-0.000000
0.000000	0.000000
0.000000	0.000000
0.000000	0.000000
0.000000	-0.000000
0.000000	0.000000
0.000000	0.000000
0.000000	0.000000
0.000000	-0.000000
0.000000	0.000000
0.000000	0.000000
0.000000	0.000000
0.000000	-0.000000
0.000000	-0.000000
0.000000	0.000000
0.000000	0.000000
0.000000	-0.000000
0.000000	-0.000000
0.000000	0.000000
0.000000	0.000000
0.000000	-0.000000
0.000000	0.000000
0.000000	0.000000
0.000000	-0.000000
0.000000	-0.000000
0.000000	-0.000000
0.000000	0.000000
0.000000	-0.000000
0.000000	-0.000000
0.000000	0.000000
0.000000	0.000000
0.000000	-0.000000
0.000000	-0.000000
0.000000	0.000000
0.000000	0.000000
0.000000	0.000000
0.000000	-0.000000
