4096
0.000000	0.000000
0.316591	0.220954
0.135894	0.071252
-0.036898	0.150027
-0.066656	-0.027788
0.004884	-0.023728
0.007260	0.001929
-0.000552	0.001514
0.031941	0.032206
-0.000024	-0.002946
0.000287	0.000482
0.003007	-0.006003
-0.000025	-0.000471
-0.000021	0.000085
-0.000178	-0.000392
-0.000083	0.000067
-0.010087	-0.014151
0.000091	0.000193
-0.000071	-0.000226
-0.000032	-0.000034
-0.000141	0.000019
0.000136	-0.000405
0.000097	-0.000101
0.000333	0.000366
-0.000515	-0.000314
0.000347	-0.000184
0.000051	-0.000050
0.000081	0.000272
0.000036	-0.000225
0.006155	0.003624
0.000197	-0.000489
0.004958	0.001014
0.004832	-0.009381
0.000235	-0.000070
0.000122	0.000352
0.000084	-0.000335
0.000152	-0.000312
0.000201	-0.000211
0.000087	-0.000102
0.000104	0.000288
0.000047	-0.000064
-0.000030	-0.000216
-0.000028	0.000004
-0.000111	-0.000085
-0.000040	-0.000066
0.000136	-0.000435
0.000102	0.000023
-0.000070	0.000028
-0.000042	0.000093
0.001071	-0.001842
-0.000088	-0.000180
-0.000131	-0.001436
-0.000053	-0.000130
-0.000020	-0.000048
0.000001	-0.000008
0.000008	0.000025
0.000051	-0.000123
-0.000000	-0.000023
0.000044	-0.000030
-0.000059	-0.000018
0.000014	-0.000040
0.000150	0.000005
-0.000107	-0.000043
0.000015	-0.000150
-0.003923	0.004574
0.000135	0.000003
0.000065	-0.000099
0.000040	0.000082
-0.000038	-0.000002
0.000179	-0.000046
-0.000013	-0.000046
0.000095	-0.000059
-0.000032	-0.000002
-0.000024	0.000013
0.000013	-0.000036
0.000008	0.000002
-0.000009	0.000013
0.000014	0.000009
0.000011	-0.000026
0.000029	0.000031
0.000061	0.000046
-0.000044	-0.000024
0.000003	-0.000025
-0.000041	0.000013
0.000011	-0.000044
-0.000001	0.000001
0.000007	-0.000000
-0.000000	0.000001
0.000010	-0.000003
-0.000047	0.000060
0.000013	0.000018
-0.000058	0.000070
-0.000037	0.000024
0.000002	-0.000011
-0.000008	0.000010
-0.000014	0.000006
0.000014	0.000025
0.000014	0.000013
-0.000019	0.000029
-0.000009	0.000012
-0.000024	0.000014
-0.000010	-0.000000
0.000018	0.000012
-0.000002	-0.000028
0.000014	-0.000001
-0.000012	-0.000019
0.000010	-0.000000
-0.000009	0.000006
-0.000009	0.000021
-0.000066	-0.000039
0.000005	-0.000002
-0.000068	-0.000047
0.000008	-0.000015
0.000007	0.000016
-0.000006	0.000029
-0.000033	-0.000015
0.000029	0.000007
-0.000008	0.000003
-0.000000	-0.000035
0.000010	-0.000015
-0.000017	0.000007
-0.000001	-0.000006
-0.000013	-0.000003
0.000034	0.000014
0.000003	0.000053
-0.000014	0.000011
0.000037	-0.000038
0.000013	0.000029
0.002084	-0.000819
0.000005	-0.000021
-0.000014	0.000036
-0.000025	-0.000056
0.000001	-0.000029
-0.000010	-0.000023
-0.000037	-0.000013
-0.000006	0.000010
-0.000044	-0.000017
0.000004	-0.000000
0.000031	-0.000008
0.000005	0.000013
0.000007	0.000003
0.000007	0.000005
-0.000021	0.000008
0.000016	0.000003
0.000006	-0.000020
-0.000037	0.000003
0.000006	0.000004
-0.000022	0.000009
-0.000015	-0.000021
0.000023	0.000011
-0.000011	0.000007
0.000023	-0.000023
-0.000007	0.000007
-0.000014	-0.000020
0.000013	0.000013
-0.000008	-0.000001
0.000005	0.000005
0.000004	0.000012
-0.000004	-0.000019
-0.000024	0.000002
-0.000009	-0.000039
0.000027	-0.000002
-0.000032	0.000002
0.000004	0.000000
0.000012	-0.000008
-0.000012	0.000016
-0.000017	0.000013
-0.000009	-0.000028
0.000009	-0.000006
-0.000012	0.000007
-0.000003	0.000002
0.000007	0.000013
-0.000014	-0.000002
-0.000016	-0.000004
-0.000015	0.000018
0.000009	-0.000016
-0.000012	0.000015
-0.000023	-0.000004
0.000011	0.000001
0.000002	0.000002
0.000001	0.000013
-0.000000	0.000012
-0.000016	-0.000010
-0.000007	0.000007
-0.000009	0.000006
0.000002	0.000008
-0.000002	-0.000002
0.000001	-0.000003
-0.000018	0.000003
0.000001	-0.000013
0.000013	0.000014
-0.000010	0.000004
-0.000016	-0.000001
-0.000015	-0.000000
0.000002	-0.000015
0.000018	-0.000002
0.000003	-0.000006
-0.000003	0.000005
-0.000011	-0.000001
0.000006	0.000001
0.000011	0.000003
-0.000011	-0.000008
-0.000014	0.000009
-0.000012	0.000004
-0.000005	-0.000004
-0.000005	-0.000000
-0.000017	0.000008
-0.000011	0.000003
-0.000011	-0.000008
-0.000001	-0.000014
-0.000015	-0.000016
-0.000001	-0.000000
-0.000008	0.000006
-0.000015	0.000001
-0.000005	-0.000006
-0.000007	0.000003
-0.000008	-0.000001
-0.000006	0.000020
-0.000012	0.000011
-0.000016	0.000004
-0.000020	0.000016
-0.000016	0.000012
-0.000010	0.000019
-0.000007	0.000015
-0.000011	0.000024
-0.000003	0.000024
0.000002	0.000023
-0.000000	0.000027
0.000003	0.000018
0.000010	0.000020
0.000008	0.000016
0.000015	0.000016
0.000015	0.000013
0.000014	0.000010
0.000014	0.000009
0.000013	0.000008
0.000013	0.000005
0.000012	0.000004
0.000011	0.000003
0.000010	0.000002
0.000009	0.000001
0.000009	0.000001
0.000008	0.000001
0.000007	0.000001
0.000007	0.000001
0.000006	0.000001
0.000006	0.000001
0.000005	0.000001
0.000005	0.000001
0.000005	0.000001
0.000005	0.000001
0.000005	0.000001
0.000004	0.000001
0.000004	0.000001
0.000004	0.000001
0.000004	0.000001
0.001585	0.000397
0.000004	0.000001
0.000004	0.000001
0.000003	0.000001
0.000003	0.000001
0.000003	0.000001
0.000003	0.000001
0.000003	0.000001
0.000003	0.000001
0.000003	0.000001
0.000003	0.000001
0.000003	0.000001
0.000003	0.000001
0.000003	0.000001
0.000003	0.000001
0.000003	0.000001
0.000003	0.000001
0.000003	0.000001
0.000002	0.000001
0.000002	0.000001
0.000002	0.000001
0.000002	0.000001
0.000002	0.000001
0.000002	0.000000
0.000002	0.000001
0.000002	0.000001
0.000002	0.000000
0.000002	0.000000
0.000002	0.000000
0.000002	0.000000
0.000002	0.000000
0.000002	0.000000
0.000002	0.000000
0.000002	0.000000
0.000002	0.000000
0.000002	0.000000
0.000002	0.000000
0.000002	0.000000
0.000002	0.000000
0.000002	0.000000
0.000002	0.000000
0.000002	0.000000
0.000002	0.000000
0.000002	0.000000
0.000002	0.000000
0.000002	0.000000
0.000002	0.000000
0.000002	0.000000
0.000002	0.000000
0.000002	0.000000
0.000002	0.000000
0.000002	0.000000
0.000002	0.000000
0.000002	0.000000
0.000002	0.000000
0.000001	0.000000
0.000001	0.000000
0.000001	0.000000
0.000001	0.000000
0.000001	0.000000
0.000001	0.000000
0.000001	0.000000
0.000001	0.000000
0.000001	0.000000
0.000001	0.000000
0.000001	0.000000
0.000001	0.000000
0.000001	0.000000
0.000001	0.000000
0.000001	0.000000
0.000001	0.000000
0.000001	0.000000
0.000001	0.000000
0.000001	0.000000
0.000001	0.000000
0.000001	0.000000
0.000001	0.000000
0.000001	0.000000
0.000001	0.000000
0.000001	0.000000
0.000001	0.000000
0.000001	0.000000
0.000001	0.000000
0.000001	0.000000
0.000001	0.000000
0.000001	0.000000
0.000001	0.000000
0.000001	0.000000
0.000001	0.000000
0.000001	0.000000
0.000001	0.000000
0.000001	0.000000
0.000001	0.000000
0.000001	0.000000
0.000001	0.000000
0.000001	0.000000
0.000001	0.000000
0.000001	0.000000
0.000001	0.000000
0.000001	0.000000
0.000001	0.000000
0.000001	0.000000
0.000001	0.000000
0.000001	0.000000
0.000001	0.000000
0.000001	0.000000
0.000001	0.000000
0.000001	0.000000
0.000001	0.000000
0.000001	0.000000
0.000001	0.000000
0.000001	0.000000
0.000001	0.000000
0.000001	0.000000
0.000001	0.000000
0.000001	0.000000
0.000001	0.000000
0.000001	0.000000
0.000001	0.000000
0.000001	0.000000
0.000001	0.000000
0.000001	0.000000
0.000001	0.000000
0.000001	0.000000
0.000001	0.000000
0.000001	0.000000
0.000001	0.000000
0.000001	0.000000
0.000001	0.000000
0.000001	0.000000
0.000001	0.000000
0.000001	0.000000
0.000001	0.000000
0.000001	0.000000
0.000001	0.000000
0.000001	0.000000
0.000001	0.000000
0.000001	0.000000
0.000001	0.000000
0.000001	0.000000
0.000001	0.000000
0.000001	0.000000
0.000001	0.000000
0.000001	0.000000
0.000001	0.000000
0.000001	0.000000
0.000001	0.000000
0.000001	0.000000
0.000001	0.000000
0.000001	0.000000
0.000001	0.000000
0.000001	0.000000
0.000001	0.000000
0.000001	0.000000
0.000001	0.000000
0.000001	0.000000
0.000001	0.000000
0.000001	0.000000
0.000001	0.000000
0.000001	0.000000
0.000001	0.000000
0.000001	0.000000
0.000001	0.000000
0.000001	0.000000
0.000001	0.000000
0.000001	0.000000
0.000001	0.000000
0.000001	0.000000
0.000001	0.000000
0.000001	0.000000
0.000001	0.000000
0.000001	0.000000
0.000001	0.000000
0.000001	0.000000
0.000001	0.000000
0.000001	0.000000
0.000001	0.000000
0.000001	0.000000
0.000001	0.000000
0.000001	0.000000
0.000001	0.000000
0.000001	0.000000
0.000001	0.000000
0.000001	0.000000
0.000001	0.000000
0.000001	0.000000
0.000001	0.000000
0.000001	0.000000
0.000001	0.000000
0.000001	0.000000
0.000001	0.000000
0.000001	0.000000
0.000001	0.000000
0.000001	0.000000
0.000001	0.000000
0.000001	0.000000
0.000001	0.000000
0.000001	0.000000
0.000001	0.000000
0.000001	0.000000
0.000001	0.000000
0.000001	0.000000
0.000001	0.000000
0.000001	0.000000
0.000001	0.000000
0.000001	0.000000
0.000001	0.000000
0.000001	0.000000
0.000001	0.000000
0.000001	0.000000
0.000001	0.000000
0.000001	0.000000
0.000000	0.000000
0.000001	0.000000
0.000001	0.000000
0.000000	0.000000
0.000000	0.000000
0.000000	0.000000
0.000000	0.000000
0.000000	0.000000
0.000000	0.000000
0.000000	0.000000
0.000000	0.000000
0.000000	0.000000
0.000000	0.000000
0.000000	0.000000
0.000000	0.000000
0.000000	0.000000
0.000000	0.000000
0.000000	0.000000
0.000000	0.000000
0.000000	0.000000
0.000000	0.000000
0.000000	0.000000
0.000000	0.000000
0.000000	0.000000
0.000000	0.000000
0.000000	0.000000
0.000000	0.000000
0.000000	0.000000
0.000000	0.000000
0.000000	0.000000
0.000000	0.000000
0.000000	0.000000
0.000000	0.000000
0.000000	0.000000
0.000000	0.000000
0.000000	0.000000
0.000000	0.000000
0.000000	0.000000
0.000000	0.000000
0.000000	0.000000
0.000000	0.000000
0.000000	0.000000
0.000000	0.000000
0.000000	0.000000
0.000461	0.000000
0.000000	0.000000
0.000000	0.000000
0.000000	0.000000
0.000000	0.000000
0.000000	0.000000
0.000000	0.000000
0.000000	0.000000
0.000000	0.000000
0.000000	0.000000
0.000000	0.000000
0.000000	0.000000
0.000000	0.000000
0.000000	0.000000
0.000000	0.000000
0.000000	0.000000
0.000000	0.000000
0.000000	0.000000
0.000000	0.000000
0.000000	0.000000
0.000000	0.000000
0.000000	0.000000
0.000000	0.000000
0.000000	0.000000
0.000000	0.000000
0.000000	0.000000
0.000000	0.000000
0.000000	0.000000
0.000000	0.000000
0.000000	0.000000
0.000000	0.000000
0.000000	0.000000
0.000000	0.000000
0.000000	0.000000
0.000000	0.000000
0.000000	0.000000
0.000000	0.000000
0.000000	0.000000
0.000000	0.000000
0.000000	0.000000
0.000000	0.000000
0.000000	0.000000
0.000000	0.000000
0.000000	0.000000
0.000000	0.000000
0.000000	0.000000
0.000000	0.000000
0.000000	0.000000
0.000000	0.000000
0.000000	0.000000
0.000000	0.000000
0.000000	0.000000
0.000000	0.000000
0.000000	0.000000
0.000000	0.000000
0.000000	0.000000
0.000000	0.000000
0.000000	0.000000
0.000000	0.000000
0.000000	0.000000
0.000000	0.000000
0.000000	0.000000
0.000000	0.000000
0.000000	0.000000
0.000000	0.000000
0.000000	0.000000
0.000000	0.000000
0.000000	0.000000
0.000000	0.000000
0.000000	0.000000
0.000000	0.000000
0.000000	0.000000
0.000000	0.000000
0.000000	0.000000
0.000000	0.000000
0.000000	0.000000
0.000000	0.000000
0.000000	0.000000
0.000000	0.000000
0.000000	0.000000
0.000000	0.000000
0.000000	0.000000
0.000000	0.000000
0.000000	0.000000
0.000000	0.000000
0.000000	0.000000
0.000000	0.000000
0.000000	0.000000
0.000000	0.000000
0.000000	0.000000
0.000000	0.000000
0.000000	0.000000
0.000000	0.000000
0.000000	0.000000
0.000000	0.000000
0.000000	0.000000
0.000000	0.000000
0.000000	0.000000
0.000000	0.000000
0.000000	0.000000
0.000000	0.000000
0.000000	0.000000
0.000000	0.000000
0.000000	0.000000
0.000000	0.000000
0.000000	0.000000
0.000000	0.000000
0.000000	0.000000
0.000000	0.000000
0.000000	0.000000
0.000000	0.000000
0.000000	0.000000
0.000000	0.000000
0.000000	0.000000
0.000000	0.000000
0.000000	0.000000
0.000000	0.000000
0.000000	0.000000
0.000000	0.000000
0.000000	0.000000
0.000000	0.000000
0.000000	0.000000
0.000000	0.000000
0.000000	0.000000
0.000000	0.000000
0.000000	0.000000
0.000000	0.000000
0.000000	0.000000
0.000000	0.000000
0.000000	0.000000
0.000000	0.000000
0.000000	0.000000
0.000000	0.000000
0.000000	0.000000
0.000000	0.000000
0.000000	0.000000
0.000000	0.000000
0.000000	0.000000
0.000000	0.000000
0.000000	0.000000
0.000000	0.000000
0.000000	0.000000
0.000000	0.000000
0.000000	0.000000
0.000000	0.000000
0.000000	0.000000
0.000000	0.000000
0.000000	0.000000
0.000000	0.000000
0.000000	0.000000
0.000000	0.000000
0.000000	0.000000
0.000000	0.000000
0.000000	0.000000
0.000000	0.000000
0.000000	0.000000
0.000000	0.000000
0.000000	0.000000
0.000000	0.000000
0.000000	0.000000
0.000000	0.000000
0.000000	0.000000
0.000000	0.000000
0.000000	0.000000
0.000000	0.000000
0.000000	0.000000
0.000000	0.000000
0.000000	0.000000
0.000000	0.000000
0.000000	0.000000
0.000000	0.000000
0.000000	0.000000
0.000000	0.000000
0.000000	0.000000
0.000000	0.000000
0.000000	0.000000
0.000000	0.000000
0.000000	0.000000
0.000000	0.000000
0.000000	0.000000
0.000000	0.000000
0.000000	0.000000
0.000000	0.000000
0.000000	0.000000
0.000000	0.000000
0.000000	0.000000
0.000000	0.000000
0.000000	0.000000
0.000000	0.000000
0.000000	0.000000
0.000000	0.000000
0.000000	0.000000
0.000000	0.000000
0.000000	0.000000
0.000000	0.000000
0.000000	0.000000
0.000000	0.000000
0.000000	0.000000
0.000000	0.000000
0.000000	0.000000
0.000000	0.000000
0.000000	0.000000
0.000000	0.000000
0.000000	0.000000
0.000000	0.000000
0.000000	0.000000
0.000000	0.000000
0.000000	0.000000
0.000000	0.000000
0.000000	0.000000
0.000000	0.000000
0.000000	0.000000
0.000000	0.000000
0.000000	0.000000
0.000000	0.000000
0.000000	0.000000
0.000000	0.000000
0.000000	0.000000
0.000000	0.000000
0.000000	0.000000
0.000000	0.000000
0.000000	0.000000
0.000000	0.000000
0.000000	0.000000
0.000000	0.000000
0.000000	0.000000
0.000000	0.000000
0.000000	0.000000
0.000000	0.000000
0.000000	0.000000
0.000000	0.000000
0.000000	0.000000
0.000000	0.000000
0.000000	0.000000
0.000000	0.000000
0.000000	0.000000
0.000000	0.000000
0.000000	0.000000
0.000000	0.000000
0.000000	0.000000
0.000000	0.000000
0.000000	0.000000
0.000000	0.000000
0.000000	0.000000
0.000000	0.000000
0.000000	0.000000
0.000000	0.000000
0.000000	0.000000
0.000000	0.000000
0.000000	0.000000
0.000000	0.000000
0.000000	0.000000
0.000000	0.000000
0.000000	0.000000
0.000000	0.000000
0.000000	0.000000
0.000000	0.000000
0.000000	0.000000
0.000000	0.000000
0.000000	0.000000
0.000000	0.000000
0.000000	0.000000
0.000000	0.000000
0.000000	0.000000
0.000000	0.000000
0.000000	0.000000
0.000000	0.000000
0.000000	0.000000
0.000000	0.000000
0.000000	0.000000
0.000000	0.000000
0.000000	0.000000
0.000000	0.000000
0.000000	0.000000
0.000000	0.000000
0.000000	0.000000
0.000000	0.000000
0.000000	0.000000
0.000000	0.000000
0.000000	0.000000
0.000000	0.000000
0.000000	0.000000
0.000000	0.000000
0.000000	0.000000
0.000000	0.000000
0.000000	0.000000
0.000000	0.000000
0.000000	0.000000
0.000000	0.000000
0.000000	0.000000
0.000000	0.000000
0.000000	0.000000
0.000000	0.000000
0.000000	0.000000
0.000000	0.000000
0.000000	0.000000
0.000000	0.000000
0.000000	0.000000
0.000000	0.000000
0.000000	0.000000
0.000000	0.000000
0.000000	0.000000
0.000000	0.000000
0.000000	0.000000
0.000000	0.000000
0.000000	0.000000
0.000000	0.000000
0.000000	0.000000
0.000000	0.000000
0.000000	0.000000
0.000000	0.000000
0.000000	0.000000
0.000000	0.000000
0.000000	0.000000
0.000000	0.000000
0.000000	0.000000
0.000000	0.000000
0.000000	0.000000
0.000000	0.000000
0.000000	0.000000
0.000000	0.000000
0.000000	0.000000
0.000000	0.000000
0.000000	0.000000
0.000000	0.000000
0.000000	0.000000
0.000000	0.000000
0.000000	0.000000
0.000000	0.000000
0.000000	0.000000
0.000000	0.000000
0.000000	0.000000
0.000000	0.000000
0.000000	0.000000
0.000000	0.000000
0.000000	0.000000
0.000000	0.000000
0.000000	0.000000
0.000000	0.000000
0.000000	0.000000
0.000000	0.000000
0.000000	0.000000
0.000000	0.000000
0.000000	0.000000
0.000000	0.000000
0.000000	0.000000
0.000000	0.000000
0.000000	0.000000
0.000000	0.000000
0.000000	0.000000
0.000000	0.000000
0.000000	0.000000
0.000000	0.000000
0.000000	0.000000
0.000000	0.000000
0.000000	0.000000
0.000000	0.000000
0.000000	0.000000
0.000000	0.000000
0.000000	0.000000
0.000000	0.000000
0.000000	0.000000
0.000000	0.000000
0.000000	0.000000
0.000000	0.000000
0.000000	0.000000
0.000000	0.000000
0.000000	0.000000
0.000000	0.000000
0.000000	0.000000
0.000000	0.000000
0.000000	0.000000
0.000000	0.000000
0.000000	0.000000
0.000000	0.000000
0.000000	0.000000
0.000000	0.000000
0.000000	0.000000
0.000000	0.000000
0.000000	0.000000
0.000000	0.000000
0.000000	0.000000
0.000000	0.000000
0.000000	0.000000
0.000000	0.000000
0.000000	0.000000
0.000000	0.000000
0.000000	0.000000
0.000000	0.000000
0.000000	0.000000
0.000000	0.000000
0.000000	0.000000
0.000000	0.000000
0.000000	0.000000
0.000000	0.000000
0.000000	0.000000
0.000000	0.000000
0.000000	0.000000
0.000000	0.000000
0.000000	0.000000
0.000000	0.000000
0.000000	0.000000
0.000000	0.000000
0.000000	0.000000
0.000000	0.000000
0.000000	0.000000
0.000000	0.000000
0.000000	0.000000
0.000000	0.000000
0.000000	0.000000
0.000000	0.000000
0.000000	0.000000
0.000000	0.000000
0.000000	0.000000
0.000000	0.000000
0.000000	0.000000
0.000000	0.000000
0.000000	0.000000
0.000000	0.000000
0.000000	0.000000
0.000000	0.000000
0.000000	0.000000
0.000000	0.000000
0.000000	0.000000
0.000000	0.000000
0.000000	0.000000
0.000000	0.000000
0.000000	0.000000
0.000000	0.000000
0.000000	0.000000
0.000000	0.000000
0.000000	0.000000
0.000000	0.000000
0.000000	0.000000
0.000000	0.000000
0.000000	0.000000
0.000000	0.000000
0.000000	0.000000
0.000000	0.000000
0.000000	0.000000
0.000000	0.000000
0.000000	0.000000
0.000000	0.000000
0.000000	0.000000
0.000000	0.000000
0.000000	0.000000
0.000000	0.000000
0.000000	0.000000
0.000000	0.000000
0.000000	0.000000
0.000000	0.000000
0.000000	0.000000
0.000000	0.000000
0.000000	0.000000
0.000000	0.000000
0.000000	0.000000
0.000000	0.000000
0.000000	0.000000
0.000000	0.000000
0.000000	0.000000
0.000000	0.000000
0.000000	0.000000
0.000000	0.000000
0.000000	0.000000
0.000000	0.000000
0.000000	0.000000
0.000000	0.000000
0.000000	0.000000
0.000000	0.000000
0.000000	0.000000
0.000000	0.000000
0.000000	0.000000
0.000000	0.000000
0.000000	0.000000
0.000000	0.000000
0.000000	0.000000
0.000000	0.000000
0.000000	0.000000
0.000000	0.000000
0.000000	0.000000
0.000000	0.000000
0.000000	0.000000
0.000000	0.000000
0.000000	0.000000
0.000000	0.000000
0.000000	0.000000
0.000000	0.000000
0.000000	0.000000
0.000000	0.000000
0.000000	0.000000
0.000000	0.000000
0.000000	0.000000
0.000000	-0.000000
0.000000	-0.000000
0.000000	0.000000
0.000000	0.000000
0.000000	0.000000
0.000000	-0.000000
0.000000	0.000000
0.000000	0.000000
0.000000	0.000000
0.000000	0.000000
0.000000	0.000000
0.000000	-0.000000
0.000000	0.000000
0.000000	0.000000
0.000000	0.000000
0.000000	0.000000
0.000000	0.000000
0.000000	0.000000
0.000000	0.000000
0.000000	0.000000
0.000226	0.000000
0.000000	0.000000
0.000000	0.000000
0.000000	-0.000000
0.000000	0.000000
0.000000	0.000000
0.000000	0.000000
0.000000	0.000000
0.000000	0.000000
0.000000	0.000000
0.000000	0.000000
0.000000	0.000000
0.000000	0.000000
0.000000	0.000000
0.000000	0.000000
0.000000	0.000000
0.000000	0.000000
0.000000	0.000000
0.000000	0.000000
0.000000	0.000000
0.000000	0.000000
0.000000	0.000000
0.000000	0.000000
0.000000	0.000000
0.000000	0.000000
0.000000	0.000000
0.000000	0.000000
0.000000	0.000000
0.000000	0.000000
0.000000	0.000000
0.000000	0.000000
0.000000	0.000000
0.000000	0.000000
0.000000	0.000000
0.000000	0.000000
0.000000	0.000000
0.000000	0.000000
0.000000	0.000000
0.000000	0.000000
0.000000	0.000000
0.000000	0.000000
0.000000	0.000000
0.000000	0.000000
0.000000	0.000000
0.000000	0.000000
0.000000	0.000000
0.000000	0.000000
0.000000	0.000000
0.000000	0.000000
0.000000	0.000000
0.000000	0.000000
0.000000	-0.000000
0.000000	0.000000
0.000000	0.000000
0.000000	0.000000
0.000000	-0.000000
0.000000	0.000000
0.000000	0.000000
0.000000	0.000000
0.000000	0.000000
0.000000	0.000000
0.000000	0.000000
0.000000	0.000000
0.000000	0.000000
0.000000	0.000000
0.000000	0.000000
0.000000	0.000000
0.000000	0.000000
0.000000	0.000000
0.000000	0.000000
0.000000	0.000000
0.000000	0.000000
0.000000	0.000000
0.000000	0.000000
0.000000	0.000000
0.000000	0.000000
0.000000	0.000000
0.000000	0.000000
0.000000	0.000000
0.000000	0.000000
0.000000	0.000000
0.000000	0.000000
0.000000	0.000000
0.000000	0.000000
0.000000	0.000000
0.000000	0.000000
0.000000	0.000000
0.000000	0.000000
0.000000	0.000000
0.000000	0.000000
0.000000	0.000000
0.000000	0.000000
0.000000	0.000000
0.000000	0.000000
0.000000	0.000000
0.000000	0.000000
0.000000	0.000000
0.000000	0.000000
0.000000	0.000000
0.000000	0.000000
0.000000	0.000000
0.000000	0.000000
0.000000	0.000000
0.000000	0.000000
0.000000	0.000000
0.000000	0.000000
0.000000	0.000000
0.000000	0.000000
0.000000	0.000000
0.000000	0.000000
0.000000	0.000000
0.000000	0.000000
0.000000	0.000000
0.000000	0.000000
0.000000	0.000000
0.000000	0.000000
0.000000	0.000000
0.000000	0.000000
0.000000	0.000000
0.000000	0.000000
0.000000	0.000000
0.000000	0.000000
0.000000	0.000000
0.000000	0.000000
0.000000	0.000000
0.000000	0.000000
0.000000	0.000000
0.000000	0.000000
0.000000	0.000000
0.000000	-0.000000
0.000000	0.000000
0.000000	0.000000
0.000000	0.000000
0.000000	0.000000
0.000000	0.000000
0.000000	0.000000
0.000000	0.000000
0.000000	0.000000
0.000000	0.000000
0.000000	0.000000
0.000000	0.000000
0.000000	0.000000
0.000000	0.000000
0.000000	0.000000
0.000000	0.000000
0.000000	0.000000
0.000000	0.000000
0.000000	0.000000
0.000000	0.000000
0.000000	0.000000
0.000000	0.000000
0.000000	0.000000
0.000000	0.000000
0.000000	0.000000
0.000000	0.000000
0.000000	0.000000
0.000000	0.000000
0.000000	0.000000
0.000000	0.000000
0.000000	-0.000000
0.000000	0.000000
0.000000	0.000000
0.000000	0.000000
0.000000	0.000000
0.000000	0.000000
0.000000	0.000000
0.000000	0.000000
0.000000	0.000000
0.000000	0.000000
0.000000	0.000000
0.000000	0.000000
0.000000	0.000000
0.000000	0.000000
0.000000	0.000000
0.000000	0.000000
0.000000	0.000000
0.000000	0.000000
0.000000	0.000000
0.000000	0.000000
0.000000	0.000000
0.000000	0.000000
0.000000	0.000000
0.000000	0.000000
0.000000	0.000000
0.000000	0.000000
0.000000	0.000000
0.000000	0.000000
0.000000	0.000000
0.000000	0.000000
0.000000	0.000000
0.000000	0.000000
0.000000	0.000000
0.000000	0.000000
0.000000	0.000000
0.000000	0.000000
0.000000	0.000000
0.000000	0.000000
0.000000	0.000000
0.000000	0.000000
0.000000	0.000000
0.000000	0.000000
0.000000	0.000000
0.000000	0.000000
0.000000	0.000000
0.000000	0.000000
0.000000	0.000000
0.000000	0.000000
0.000000	0.000000
0.000000	0.000000
0.000000	0.000000
0.000000	0.000000
0.000000	0.000000
0.000000	0.000000
0.000000	0.000000
0.000000	0.000000
0.000000	0.000000
0.000000	0.000000
0.000000	0.000000
0.000000	0.000000
0.000000	0.000000
0.000000	0.000000
0.000000	0.000000
0.000000	0.000000
0.000000	0.000000
0.000000	0.000000
0.000000	0.000000
0.000000	0.000000
0.000000	0.000000
0.000000	0.000000
0.000000	0.000000
0.000000	0.000000
0.000000	0.000000
0.000000	0.000000
0.000000	0.000000
0.000000	0.000000
0.000000	0.000000
0.000000	0.000000
0.000000	0.000000
0.000000	0.000000
0.000000	0.000000
0.000000	0.000000
0.000000	0.000000
0.000000	0.000000
0.000000	0.000000
0.000000	0.000000
0.000000	0.000000
0.000000	0.000000
0.000000	0.000000
0.000000	0.000000
0.000000	0.000000
0.000000	0.000000
0.000000	0.000000
0.000000	0.000000
0.000000	0.000000
0.000000	0.000000
0.000000	0.000000
0.000000	0.000000
0.000000	0.000000
0.000000	0.000000
0.000000	0.000000
0.000000	0.000000
0.000000	0.000000
0.000000	0.000000
0.000000	0.000000
0.000000	0.000000
0.000000	0.000000
0.000000	0.000000
0.000000	0.000000
0.000000	0.000000
0.000000	0.000000
0.000000	0.000000
0.000000	-0.000000
0.000000	0.000000
0.000000	0.000000
0.000000	0.000000
0.000000	0.000000
0.000000	0.000000
0.000000	0.000000
0.000000	0.000000
0.000000	0.000000
0.000000	0.000000
0.000000	0.000000
0.000000	0.000000
0.000000	0.000000
0.000000	0.000000
0.000000	0.000000
0.000000	0.000000
0.000000	0.000000
0.000000	0.000000
0.000000	0.000000
0.000000	0.000000
0.000000	0.000000
0.000000	0.000000
0.000000	0.000000
0.000000	0.000000
0.000000	0.000000
0.000000	0.000000
0.000000	0.000000
0.000000	0.000000
0.000000	0.000000
0.000000	0.000000
0.000000	0.000000
0.000000	0.000000
0.000000	0.000000
0.000000	0.000000
0.000000	0.000000
0.000000	0.000000
0.000000	0.000000
0.000000	0.000000
0.000000	0.000000
0.000000	0.000000
0.000000	-0.000000
0.000000	0.000000
0.000000	0.000000
0.000000	0.000000
0.000000	0.000000
0.000000	0.000000
0.000000	0.000000
0.000000	0.000000
0.000000	0.000000
0.000000	0.000000
0.000000	0.000000
0.000000	0.000000
0.000000	0.000000
0.000000	0.000000
0.000000	0.000000
0.000000	0.000000
0.000000	0.000000
0.000000	0.000000
0.000000	0.000000
0.000000	0.000000
0.000000	-0.000000
0.000000	0.000000
0.000000	0.000000
0.000000	0.000000
0.000000	0.000000
0.000000	0.000000
0.000000	0.000000
0.000000	0.000000
0.000000	0.000000
0.000000	0.000000
0.000000	0.000000
0.000000	0.000000
0.000000	0.000000
0.000000	0.000000
0.000000	0.000000
0.000000	0.000000
0.000000	0.000000
0.000000	0.000000
0.000000	0.000000
0.000000	0.000000
0.000000	0.000000
0.000000	0.000000
0.000000	0.000000
0.000000	0.000000
0.000000	0.000000
0.000000	0.000000
0.000000	0.000000
0.000000	0.000000
0.000000	0.000000
0.000000	0.000000
0.000000	0.000000
0.000000	0.000000
0.000000	0.000000
0.000000	0.000000
0.000000	0.000000
0.000000	0.000000
0.000000	0.000000
0.000000	0.000000
0.000000	0.000000
0.000000	0.000000
0.000000	0.000000
0.000000	0.000000
0.000000	0.000000
0.000000	0.000000
0.000000	0.000000
0.000000	0.000000
0.000000	0.000000
0.000000	0.000000
0.000000	0.000000
0.000000	0.000000
0.000000	0.000000
0.000000	0.000000
0.000000	0.000000
0.000000	0.000000
0.000000	0.000000
0.000000	0.000000
0.000000	0.000000
0.000000	0.000000
0.000000	0.000000
0.000000	0.000000
0.000000	0.000000
0.000000	0.000000
0.000000	0.000000
0.000000	0.000000
0.000000	0.000000
0.000000	0.000000
0.000000	0.000000
0.000000	0.000000
0.000000	-0.000000
0.000000	0.000000
0.000000	0.000000
0.000000	0.000000
0.000000	0.000000
0.000000	0.000000
0.000000	0.000000
0.000000	0.000000
0.000000	0.000000
0.000000	0.000000
0.000000	0.000000
0.000000	0.000000
0.000000	-0.000000
0.000000	0.000000
0.000000	0.000000
0.000000	0.000000
0.000000	0.000000
0.000000	0.000000
0.000000	0.000000
0.000000	0.000000
0.000000	-0.000000
0.000000	0.000000
0.000000	0.000000
0.000000	0.000000
0.000000	0.000000
0.000000	0.000000
0.000000	0.000000
0.000000	0.000000
0.000000	0.000000
0.000000	0.000000
0.000000	0.000000
0.000000	0.000000
0.000000	0.000000
0.000000	0.000000
0.000000	0.000000
0.000000	0.000000
0.000000	0.000000
0.000000	0.000000
0.000000	0.000000
0.000000	0.000000
0.000000	0.000000
0.000000	0.000000
0.000000	-0.000000
0.000000	0.000000
0.000000	-0.000000
0.000000	0.000000
0.000000	0.000000
0.000000	0.000000
0.000000	0.000000
0.000000	0.000000
0.000000	0.000000
0.000000	0.000000
0.000000	0.000000
0.000000	0.000000
0.000000	0.000000
0.000000	0.000000
0.000000	0.000000
0.000000	0.000000
0.000000	0.000000
0.000000	0.000000
0.000000	0.000000
0.000000	0.000000
0.000000	0.000000
0.000000	0.000000
0.000000	0.000000
0.000000	0.000000
0.000000	0.000000
0.000000	0.000000
0.000000	0.000000
0.000000	0.000000
0.000000	0.000000
0.000000	0.000000
0.000000	0.000000
0.000000	0.000000
0.000000	0.000000
0.000000	0.000000
0.000000	0.000000
0.000000	0.000000
0.000000	0.000000
0.000000	0.000000
0.000000	0.000000
0.000000	0.000000
0.000000	0.000000
0.000000	0.000000
0.000000	-0.000000
0.000000	-0.000000
0.000000	-0.000000
0.000000	0.000000
0.000000	0.000000
0.000000	0.000000
0.000000	0.000000
0.000000	0.000000
0.000000	0.000000
0.000000	0.000000
0.000000	0.000000
0.000000	-0.000000
0.000000	-0.000000
0.000000	0.000000
0.000000	0.000000
0.000000	0.000000
0.000000	0.000000
0.000000	0.000000
0.000000	0.000000
0.000000	0.000000
0.000000	0.000000
0.000000	0.000000
0.000000	0.000000
0.000000	0.000000
0.000000	0.000000
0.000000	0.000000
0.000000	0.000000
0.000000	0.000000
0.000000	-0.000000
0.000000	0.000000
0.000000	0.000000
0.000000	0.000000
0.000000	-0.000000
0.000000	0.000000
0.000000	0.000000
0.000000	0.000000
0.000000	0.000000
0.000000	0.000000
0.000000	0.000000
0.000000	0.000000
0.000000	0.000000
0.000000	0.000000
0.000000	0.000000
0.000000	0.000000
0.000000	0.000000
0.000000	0.000000
0.000000	0.000000
0.000000	0.000000
0.000000	0.000000
0.000000	0.000000
0.000000	0.000000
0.000000	0.000000
0.000000	-0.000000
0.000000	0.000000
0.000000	0.000000
0.000000	0.000000
0.000000	0.000000
0.000000	0.000000
0.000000	0.000000
0.000000	0.000000
0.000000	0.000000
0.000000	0.000000
0.000000	0.000000
0.000000	0.000000
0.000000	0.000000
0.000000	0.000000
0.000000	0.000000
0.000000	0.000000
0.000000	-0.000000
0.000000	0.000000
0.000000	0.000000
0.000000	-0.000000
0.000000	-0.000000
0.000000	-0.000000
0.000000	0.000000
0.000000	-0.000000
0.000000	-0.000000
0.000000	-0.000000
0.000000	0.000000
0.000000	0.000000
0.000000	0.000000
0.000000	0.000000
0.000000	0.000000
0.000000	0.000000
0.000000	-0.000000
0.000000	0.000000
0.000000	0.000000
0.000000	0.000000
0.000000	0.000000
0.000000	0.000000
0.000000	0.000000
0.000000	0.000000
0.000000	0.000000
0.000000	0.000000
0.000000	-0.000000
0.000000	0.000000
0.000000	0.000000
0.000000	0.000000
0.000000	0.000000
0.000000	0.000000
0.000000	0.000000
0.000000	0.000000
0.000000	0.000000
0.000000	0.000000
0.000000	0.000000
0.000000	0.000000
0.000000	0.000000
0.000000	0.000000
0.000000	0.000000
0.000000	0.000000
0.000000	0.000000
0.000000	0.000000
0.000000	-0.000000
0.000000	0.000000
0.000000	0.000000
0.000000	0.000000
0.000000	0.000000
0.000000	0.000000
0.000000	0.000000
0.000000	0.000000
0.000000	-0.000000
0.000000	0.000000
0.000000	0.000000
0.000000	0.000000
0.000000	0.000000
0.000000	0.000000
0.000000	-0.000000
0.000000	0.000000
0.000000	0.000000
0.000000	0.000000
0.000000	0.000000
0.000000	0.000000
0.000000	0.000000
0.000000	0.000000
0.000000	-0.000000
0.000000	0.000000
0.000000	0.000000
0.000000	0.000000
0.000000	0.000000
0.000000	0.000000
0.000000	-0.000000
0.000000	0.000000
0.000000	0.000000
0.000000	0.000000
0.000000	0.000000
0.000000	0.000000
0.000000	0.000000
0.000000	0.000000
0.000000	0.000000
0.000000	0.000000
0.000000	-0.000000
0.000000	0.000000
0.000000	0.000000
0.000000	0.000000
0.000000	0.000000
0.000000	0.000000
0.000000	0.000000
0.000000	0.000000
0.000000	0.000000
0.000000	0.000000
0.000000	-0.000000
0.000000	0.000000
0.000000	0.000000
0.000000	0.000000
0.000000	0.000000
0.000000	0.000000
0.000000	0.000000
0.000000	0.000000
0.000000	0.000000
0.000000	0.000000
0.000000	0.000000
0.000000	0.000000
0.000000	0.000000
0.000000	0.000000
0.000000	0.000000
0.000000	0.000000
0.000000	-0.000000
0.000000	0.000000
0.000000	0.000000
0.000000	0.000000
0.000000	0.000000
0.000000	0.000000
0.000000	0.000000
0.000000	-0.000000
0.000000	0.000000
0.000000	0.000000
0.000000	0.000000
0.000000	0.000000
0.000000	0.000000
0.000000	0.000000
0.000000	0.000000
0.000000	0.000000
0.000000	0.000000
0.000000	0.000000
0.000000	0.000000
0.000000	0.000000
0.000000	0.000000
0.000000	0.000000
0.000000	0.000000
0.000000	0.000000
0.000000	-0.000000
0.000000	0.000000
0.000000	0.000000
0.000000	0.000000
0.000000	-0.000000
0.000000	0.000000
0.000000	0.000000
0.000000	0.000000
0.000000	0.000000
0.000000	0.000000
0.000000	-0.000000
0.000000	-0.000000
0.000000	-0.000000
0.000000	0.000000
0.000000	0.000000
0.000000	0.000000
0.000000	0.000000
0.000000	-0.000000
0.000000	-0.000000
0.000000	-0.000000
0.000000	0.000000
0.000000	0.000000
0.000000	0.000000
0.000000	0.000000
0.000000	0.000000
0.000000	-0.000000
0.000000	0.000000
0.000000	0.000000
0.000000	0.000000
0.000000	0.000000
0.000000	0.000000
0.000000	0.000000
0.000000	0.000000
0.000000	0.000000
0.000000	0.000000
0.000000	0.000000
0.000000	-0.000000
0.000000	0.000000
0.000000	0.000000
0.000000	0.000000
0.000000	0.000000
0.000000	0.000000
0.000000	0.000000
0.000000	0.000000
0.000000	-0.000000
0.000000	0.000000
0.000000	0.000000
0.000000	-0.000000
0.000000	0.000000
0.000000	0.000000
0.000000	0.000000
0.000000	0.000000
0.000000	-0.000000
0.000000	0.000000
0.000000	0.000000
0.000000	0.000000
0.000000	-0.000000
0.000000	0.000000
0.000000	0.000000
0.000000	0.000000
0.000000	-0.000000
0.000000	0.000000
0.000000	0.000000
0.000000	-0.000000
0.000000	0.000000
0.000000	0.000000
0.000000	0.000000
0.000000	0.000000
0.000000	0.000000
0.000000	0.000000
0.000000	0.000000
0.000000	0.000000
0.000000	0.000000
0.000000	0.000000
0.000000	0.000000
0.000000	0.000000
0.000000	-0.000000
0.000000	0.000000
0.000000	0.000000
0.000000	0.000000
0.000000	0.000000
0.000000	0.000000
0.000000	0.000000
0.000000	0.000000
0.000000	-0.000000
0.000000	0.000000
0.000000	0.000000
0.000000	-0.000000
0.000000	-0.000000
0.000000	-0.000000
0.000000	0.000000
0.000000	0.000000
0.000000	0.000000
0.000000	0.000000
0.000000	0.000000
0.000000	0.000000
0.000000	0.000000
0.000000	0.000000
0.000000	0.000000
0.000000	0.000000
0.000000	-0.000000
0.000000	-0.000000
0.000000	0.000000
0.000000	0.000000
0.000000	0.000000
0.000000	0.000000
0.000000	0.000000
0.000000	0.000000
0.000000	-0.000000
0.000000	-0.000000
0.000000	0.000000
0.000000	0.000000
0.000000	-0.000000
0.000000	0.000000
0.000000	0.000000
0.000000	0.000000
0.000000	0.000000
0.000000	-0.000000
0.000000	0.000000
0.000000	0.000000
0.000000	-0.000000
0.000000	0.000000
0.000000	0.000000
0.000000	-0.000000
0.000000	0.000000
0.000000	0.000000
0.000000	0.000000
0.000000	0.000000
0.000000	0.000000
0.000000	0.000000
0.000000	0.000000
0.000000	0.000000
0.000000	-0.000000
0.000000	-0.000000
0.000000	0.000000
0.000000	0.000000
0.000000	-0.000000
0.000000	-0.000000
0.000000	-0.000000
0.000000	0.000000
0.000000	-0.000000
0.000000	-0.000000
0.000000	0.000000
0.000000	0.000000
0.000000	-0.000000
0.000000	0.000000
0.000000	0.000000
0.000000	0.000000
0.000000	-0.000000
0.000000	0.000000
0.000000	0.000000
0.000000	0.000000
0.000000	-0.000000
0.000000	-0.000000
0.000000	0.000000
0.000000	-0.000000
0.000000	-0.000000
0.000000	0.000000
0.000000	0.000000
0.000000	0.000000
0.000000	0.000000
0.000000	0.000000
0.000000	0.000000
0.000000	0.000000
0.000000	0.000000
0.000000	0.000000
0.000000	0.000000
0.000000	-0.000000
0.000000	-0.000000
0.000000	-0.000000
0.000000	0.000000
0.000000	0.000000
0.000000	-0.000000
0.000000	0.000000
0.000000	-0.000000
0.000000	0.000000
0.000000	0.000000
0.000000	0.000000
0.000000	-0.000000
0.000000	0.000000
0.000000	0.000000
0.000000	0.000000
0.000000	-0.000000
0.000000	0.000000
0.000000	-0.000000
0.000000	-0.000000
0.000000	0.000000
0.000000	0.000000
0.000000	-0.000000
0.000000	0.000000
0.000000	0.000000
0.000000	-0.000000
0.000000	0.000000
0.000000	0.000000
0.000000	-0.000000
0.000000	0.000000
0.000000	-0.000000
0.000000	-0.000000
0.000000	0.000000
0.000000	0.000000
0.000000	0.000000
0.000000	0.000000
0.000000	0.000000
0.000000	0.000000
0.000000	-0.000000
0.000000	-0.000000
0.000000	0.000000
0.000000	0.000000
0.000000	0.000000
0.000000	0.000000
0.000000	0.000000
0.000000	0.000000
0.000000	-0.000000
0.000000	0.000000
0.000000	0.000000
0.000000	-0.000000
0.000000	0.000000
0.000000	0.000000
0.000000	0.000000
0.000000	0.000000
0.000000	0.000000
0.000000	0.000000
0.000000	0.000000
0.000000	0.000000
0.000000	0.000000
0.000000	0.000000
0.000000	-0.000000
0.000000	-0.000000
0.000000	-0.000000
0.000000	-0.000000
0.000000	0.000000
0.000000	-0.000000
0.000000	-0.000000
0.000000	0.000000
0.000000	0.000000
0.000000	0.000000
0.000000	-0.000000
0.000000	-0.000000
0.000000	0.000000
0.000000	0.000000
0.000000	0.000000
0.000000	0.000000
0.000000	0.000000
0.000000	0.000000
0.000000	-0.000000
0.000000	0.000000
0.000000	0.000000
0.000000	0.000000
0.000000	0.000000
0.000000	-0.000000
0.000000	0.000000
0.000000	0.000000
0.000000	-0.000000
0.000000	-0.000000
0.000000	0.000000
0.000000	-0.000000
0.000000	-0.000000
0.000000	0.000000
0.000000	0.000000
0.000000	0.000000
0.000000	-0.000000
0.000000	-0.000000
0.000000	-0.000000
0.000000	0.000000
0.000000	0.000000
0.000000	0.000000
0.000000	0.000000
0.000000	0.000000
0.000000	-0.000000
0.000000	0.000000
0.000000	-0.000000
0.000000	0.000000
0.000000	-0.000000
0.000000	0.000000
0.000000	0.000000
0.000000	0.000000
0.000000	-0.000000
0.000000	-0.000000
0.000000	0.000000
0.000000	0.000000
0.000000	-0.000000
0.000000	-0.000000
0.000000	0.000000
0.000000	-0.000000
0.000000	0.000000
0.000000	0.000000
0.000000	0.000000
0.000000	-0.000000
0.000000	0.000000
0.000000	-0.000000
0.000000	0.000000
0.000000	-0.000000
0.000000	-0.000000
0.000000	-0.000000
0.000000	0.000000
0.000000	-0.000000
0.000000	-0.000000
0.000000	0.000000
0.000000	0.000000
0.000000	0.000000
0.000000	-0.000000
0.000000	-0.000000
0.000000	0.000000
0.000000	-0.000000
0.000000	-0.000000
0.000000	0.000000
0.000000	0.000000
0.000000	0.000000
0.000000	-0.000000
0.000000	-0.000000
0.000000	-0.000000
0.000000	-0.000000
0.000000	-0.000000
0.000000	0.000000
0.000000	0.000000
0.000000	0.000000
0.000000	0.000000
0.000000	0.000000
0.000000	0.000000
0.000000	0.000000
0.000000	-0.000000
0.000000	0.000000
0.000000	0.000000
0.000000	-0.000000
0.000000	-0.000000
0.000000	-0.000000
0.000000	0.000000
0.000000	-0.000000
0.000000	-0.000000
0.000000	-0.000000
0.000000	-0.000000
0.000000	-0.000000
0.000000	-0.000000
0.000000	0.000000
0.000000	0.000000
0.000000	0.000000
0.000000	-0.000000
0.000000	0.000000
0.000000	0.000000
0.000000	0.000000
0.000000	-0.000000
